Date ,series ,OPEN ,HIGH ,LOW ,PREV. CLOSE ,ltp ,close ,vwap ,52W H ,52W L ,VOLUME ,VALUE ,No of trades 
26-Jun-2023,EQ,"2,000.00","2,019.95","1,995.10","2,016.10","2,007.00","2,006.50","2,003.39","2,314.65","1,589.50","541,577","1,084,988,032.95","28,370"
23-Jun-2023,EQ,"2,025.00","2,025.95","1,995.00","2,017.95","2,010.00","2,016.10","2,011.23","2,314.65","1,589.50","1,661,129","3,340,905,251.90","79,989"
22-Jun-2023,EQ,"2,060.00","2,063.80","2,000.70","2,048.50","2,015.00","2,017.95","2,020.15","2,314.65","1,589.50","1,477,183","2,984,132,972.40","87,076"
21-Jun-2023,EQ,"2,121.15","2,125.50","2,037.45","2,104.90","2,051.00","2,048.50","2,072.02","2,314.65","1,589.50","2,133,954","4,421,600,608.75","109,311"
20-Jun-2023,EQ,"2,035.00","2,127.70","1,986.10","1,892.45","2,108.05","2,104.90","2,043.38","2,314.65","1,589.50","6,587,756","13,461,279,181.80","211,410"
19-Jun-2023,EQ,"1,937.60","1,937.60","1,885.55","1,918.20","1,894.00","1,892.45","1,905.05","2,314.65","1,589.50","737,309","1,404,607,636.30","32,474"
16-Jun-2023,EQ,"1,924.95","1,954.45","1,901.05","1,909.80","1,913.90","1,918.20","1,929.98","2,314.65","1,589.50","725,334","1,399,881,237.75","42,892"
15-Jun-2023,EQ,"1,941.10","1,965.80","1,901.30","1,933.85","1,912.00","1,909.80","1,929.21","2,314.65","1,589.50","568,422","1,096,604,666.40","31,966"
14-Jun-2023,EQ,"1,988.90","1,988.90","1,903.05","1,976.20","1,934.50","1,933.85","1,923.91","2,314.65","1,589.50","1,061,838","2,042,879,645.95","49,391"
13-Jun-2023,EQ,"1,961.00","1,977.80","1,954.25","1,944.90","1,975.45","1,976.20","1,971.12","2,314.65","1,589.50","264,995","522,337,489.55","24,449"
12-Jun-2023,EQ,"1,932.55","1,950.30","1,917.55","1,934.25","1,950.00","1,944.90","1,936.58","2,314.65","1,589.50","242,339","469,307,872.45","17,529"
09-Jun-2023,EQ,"1,944.95","1,944.95","1,906.75","1,993.65","1,941.50","1,934.25","1,931.67","2,314.65","1,589.50","464,888","898,011,204.40","19,977"
08-Jun-2023,EQ,"2,000.00","2,010.00","1,985.10","1,995.40","1,991.45","1,993.65","1,996.44","2,314.65","1,589.50","519,294","1,036,739,510.00","23,280"
07-Jun-2023,EQ,"1,980.00","1,999.45","1,970.00","1,971.90","1,992.00","1,995.40","1,982.71","2,314.65","1,589.50","325,116","644,611,212.65","19,626"
06-Jun-2023,EQ,"1,967.00","1,976.60","1,958.00","1,963.10","1,974.00","1,971.90","1,967.65","2,314.65","1,589.50","160,999","316,789,585.25","13,981"
05-Jun-2023,EQ,"1,974.75","1,977.90","1,953.00","1,964.90","1,964.00","1,963.10","1,961.00","2,314.65","1,589.50","500,466","981,415,672.80","16,264"
02-Jun-2023,EQ,"1,954.95","1,968.00","1,930.05","1,950.00","1,965.00","1,964.90","1,951.25","2,314.65","1,589.50","322,020","628,342,902.05","18,392"
01-Jun-2023,EQ,"1,960.00","1,982.70","1,945.05","1,963.05","1,947.00","1,950.00","1,964.29","2,314.65","1,589.50","273,417","537,069,829.75","15,645"
31-May-2023,EQ,"1,960.00","1,970.00","1,936.15","1,951.10","1,955.30","1,963.05","1,956.05","2,314.65","1,589.50","463,685","906,993,124.70","26,398"
30-May-2023,EQ,"1,882.80","1,958.00","1,879.95","1,873.75","1,953.20","1,951.10","1,927.42","2,314.65","1,589.50","1,393,880","2,686,593,470.15","67,157"
29-May-2023,EQ,"1,850.05","1,892.00","1,850.05","1,855.75","1,878.00","1,873.75","1,873.88","2,314.65","1,589.50","697,864","1,307,716,273.65","36,296"
26-May-2023,EQ,"1,767.95","1,860.00","1,765.05","1,764.05","1,853.70","1,855.75","1,827.79","2,314.65","1,589.50","1,438,022","2,628,395,295.05","59,817"
25-May-2023,EQ,"1,742.00","1,772.10","1,740.00","1,741.95","1,765.00","1,764.05","1,759.65","2,314.65","1,589.50","236,988","417,016,334.75","14,127"
24-May-2023,EQ,"1,766.50","1,766.55","1,740.00","1,766.55","1,741.85","1,741.95","1,749.79","2,314.65","1,589.50","299,096","523,356,303.25","17,948"
23-May-2023,EQ,"1,776.80","1,787.00","1,763.00","1,787.15","1,767.00","1,766.55","1,772.46","2,314.65","1,589.50","438,777","777,715,440.80","29,022"
22-May-2023,EQ,"1,792.05","1,824.70","1,785.00","1,804.60","1,787.05","1,787.15","1,799.99","2,314.65","1,589.50","271,626","488,923,702.00","20,744"
19-May-2023,EQ,"1,807.95","1,812.85","1,744.00","1,813.60","1,809.00","1,804.60","1,775.72","2,314.65","1,589.50","779,425","1,384,042,483.10","48,063"
18-May-2023,EQ,"1,821.40","1,834.35","1,804.25","1,817.40","1,810.00","1,813.60","1,819.89","2,314.65","1,589.50","163,499","297,550,065.40","12,453"
17-May-2023,EQ,"1,844.00","1,847.95","1,808.25","1,841.50","1,819.90","1,817.40","1,828.30","2,314.65","1,589.50","197,208","360,556,289.75","13,897"
16-May-2023,EQ,"1,845.00","1,860.00","1,839.00","1,842.55","1,840.55","1,841.50","1,851.42","2,314.65","1,589.50","207,708","384,555,419.00","15,051"
15-May-2023,EQ,"1,822.45","1,857.40","1,820.00","1,822.35","1,841.05","1,842.55","1,845.83","2,314.65","1,589.50","198,091","365,641,610.70","12,331"
12-May-2023,EQ,"1,840.00","1,848.00","1,820.00","1,839.00","1,820.00","1,822.35","1,833.31","2,314.65","1,589.50","276,459","506,836,265.70","17,843"
11-May-2023,EQ,"1,855.95","1,860.00","1,830.00","1,843.75","1,838.00","1,839.00","1,840.90","2,314.65","1,589.50","302,019","555,985,793.70","28,412"
10-May-2023,EQ,"1,825.00","1,849.80","1,818.35","1,821.65","1,839.05","1,843.75","1,836.84","2,314.65","1,589.50","181,931","334,177,953.00","15,921"
09-May-2023,EQ,"1,849.45","1,859.90","1,817.25","1,836.95","1,819.90","1,821.65","1,844.34","2,314.65","1,589.50","419,139","773,035,483.50","28,251"
08-May-2023,EQ,"1,833.00","1,845.00","1,825.20","1,824.55","1,828.00","1,836.95","1,838.75","2,314.65","1,589.50","273,314","502,556,895.45","16,813"
05-May-2023,EQ,"1,819.50","1,834.85","1,797.75","1,820.60","1,825.50","1,824.55","1,819.25","2,314.65","1,589.50","341,510","621,291,163.15","20,140"
04-May-2023,EQ,"1,792.95","1,828.00","1,788.65","1,792.00","1,823.00","1,820.60","1,817.36","2,314.65","1,589.50","293,132","532,726,663.85","25,542"
03-May-2023,EQ,"1,807.45","1,818.95","1,788.65","1,808.85","1,793.00","1,792.00","1,808.70","2,314.65","1,589.50","502,504","908,878,931.20","34,118"
02-May-2023,EQ,"1,772.15","1,821.00","1,768.00","1,764.30","1,805.00","1,808.85","1,800.19","2,314.65","1,589.50","345,795","622,498,372.35","21,381"
28-Apr-2023,EQ,"1,733.90","1,768.85","1,733.90","1,733.60","1,768.00","1,764.30","1,755.72","2,314.65","1,589.50","368,828","647,560,332.30","20,759"
27-Apr-2023,EQ,"1,746.75","1,746.75","1,728.00","1,741.50","1,734.00","1,733.60","1,735.46","2,314.65","1,589.50","217,407","377,302,120.55","12,997"
26-Apr-2023,EQ,"1,770.55","1,770.55","1,731.70","1,765.60","1,738.05","1,741.50","1,752.73","2,314.65","1,589.50","410,350","719,232,889.50","17,099"
25-Apr-2023,EQ,"1,785.00","1,785.00","1,746.05","1,780.90","1,764.50","1,765.60","1,760.81","2,314.65","1,589.50","872,809","1,536,848,044.50","42,207"
24-Apr-2023,EQ,"1,783.30","1,786.85","1,765.05","1,769.95","1,778.00","1,780.90","1,776.56","2,314.65","1,589.50","115,281","204,803,335.25","9,670"
21-Apr-2023,EQ,"1,776.45","1,785.95","1,763.00","1,774.20","1,765.95","1,769.95","1,773.61","2,314.65","1,589.50","114,611","203,275,714.75","8,960"
20-Apr-2023,EQ,"1,769.50","1,778.00","1,762.55","1,768.55","1,774.00","1,774.20","1,771.84","2,314.65","1,589.50","192,418","340,933,907.40","13,105"
19-Apr-2023,EQ,"1,811.00","1,811.00","1,765.00","1,810.85","1,767.75","1,768.55","1,786.20","2,314.65","1,589.50","154,121","275,291,241.20","11,404"
18-Apr-2023,EQ,"1,814.00","1,821.65","1,796.10","1,807.15","1,813.00","1,810.85","1,809.39","2,314.65","1,589.50","590,584","1,068,598,743.05","19,154"
17-Apr-2023,EQ,"1,792.20","1,810.45","1,783.30","1,791.80","1,808.00","1,807.15","1,799.11","2,314.65","1,589.50","373,312","671,629,478.05","16,400"
13-Apr-2023,EQ,"1,787.05","1,810.00","1,770.50","1,784.65","1,794.00","1,791.80","1,797.41","2,314.65","1,589.50","367,084","659,800,017.65","19,186"
12-Apr-2023,EQ,"1,758.05","1,787.00","1,745.10","1,759.45","1,787.00","1,784.65","1,775.13","2,314.65","1,589.50","519,524","922,221,157.95","25,220"
11-Apr-2023,EQ,"1,752.25","1,763.00","1,750.05","1,750.50","1,755.00","1,759.45","1,757.50","2,314.65","1,589.50","150,369","264,272,933.90","12,437"
10-Apr-2023,EQ,"1,743.00","1,754.00","1,735.00","1,741.45","1,750.10","1,750.50","1,746.57","2,314.65","1,589.50","168,143","293,673,383.90","12,858"
06-Apr-2023,EQ,"1,747.00","1,757.10","1,731.50","1,746.20","1,738.00","1,741.45","1,746.23","2,480.00","1,589.50","272,639","476,090,051.90","28,072"
05-Apr-2023,EQ,"1,725.50","1,752.00","1,714.80","1,729.95","1,746.00","1,746.20","1,739.05","2,480.00","1,589.50","414,613","721,032,535.15","18,983"
03-Apr-2023,EQ,"1,724.95","1,743.95","1,705.10","1,707.85","1,730.00","1,729.95","1,724.41","2,480.00","1,589.50","449,517","775,151,559.90","30,674"
31-Mar-2023,EQ,"1,680.00","1,710.30","1,671.10","1,678.05","1,706.70","1,707.85","1,690.53","2,480.00","1,589.50","451,449","763,187,385.35","23,803"
29-Mar-2023,EQ,"1,692.00","1,694.40","1,666.55","1,685.25","1,682.00","1,678.05","1,682.05","2,480.00","1,589.50","309,356","520,352,235.50","20,736"
28-Mar-2023,EQ,"1,690.00","1,695.70","1,668.80","1,680.60","1,685.00","1,685.25","1,680.84","2,480.00","1,589.50","611,533","1,027,887,400.75","22,483"
27-Mar-2023,EQ,"1,670.00","1,684.85","1,633.50","1,672.85","1,677.95","1,680.60","1,663.26","2,480.00","1,589.50","763,224","1,269,438,034.10","34,543"
24-Mar-2023,EQ,"1,708.00","1,708.00","1,653.10","1,743.85","1,670.00","1,672.85","1,671.27","2,480.00","1,589.50","1,967,681","3,288,527,818.55","76,484"
23-Mar-2023,EQ,"1,762.00","1,781.65","1,740.65","1,768.20","1,750.00","1,743.85","1,757.54","2,480.00","1,589.50","213,710","375,603,557.90","14,499"
22-Mar-2023,EQ,"1,767.00","1,779.45","1,753.50","1,764.20","1,767.00","1,768.20","1,768.46","2,480.00","1,589.50","412,766","729,961,741.05","19,711"
21-Mar-2023,EQ,"1,698.00","1,768.90","1,690.15","1,680.10","1,762.00","1,764.20","1,745.98","2,480.00","1,589.50","1,883,143","3,287,938,942.55","73,716"
20-Mar-2023,EQ,"1,720.00","1,722.00","1,589.50","1,678.15","1,681.00","1,680.10","1,613.64","2,480.00","1,589.50","6,336,825","10,225,382,785.45","50,893"
17-Mar-2023,EQ,"1,686.30","1,722.40","1,669.10","1,682.65","1,683.00","1,678.15","1,686.02","2,480.00","1,644.75","848,961","1,431,363,736.70","24,793"
16-Mar-2023,EQ,"1,675.00","1,696.10","1,644.75","1,676.75","1,691.50","1,682.65","1,675.06","2,480.00","1,644.75","655,602","1,098,173,346.30","33,783"
15-Mar-2023,EQ,"1,731.95","1,732.00","1,670.00","1,713.10","1,678.05","1,676.75","1,696.11","2,480.00","1,670.00","1,071,532","1,817,436,829.20","37,915"
14-Mar-2023,EQ,"1,710.00","1,732.90","1,700.35","1,712.50","1,715.00","1,713.10","1,715.68","2,480.00","1,690.00","248,881","427,000,878.20","22,117"
13-Mar-2023,EQ,"1,757.35","1,757.40","1,703.00","1,757.35","1,717.00","1,712.50","1,726.11","2,480.00","1,690.00","347,827","600,389,293.20","29,786"
10-Mar-2023,EQ,"1,775.00","1,778.85","1,750.50","1,783.25","1,757.00","1,757.35","1,761.54","2,480.00","1,690.00","241,559","425,516,770.40","21,967"
09-Mar-2023,EQ,"1,799.60","1,813.50","1,780.00","1,799.40","1,781.85","1,783.25","1,792.73","2,480.00","1,690.00","179,382","321,583,740.15","13,047"
08-Mar-2023,EQ,"1,780.00","1,805.85","1,776.00","1,796.55","1,801.60","1,799.40","1,793.31","2,480.00","1,690.00","243,460","436,599,770.40","21,426"
06-Mar-2023,EQ,"1,800.00","1,807.35","1,791.60","1,796.25","1,800.40","1,796.55","1,798.53","2,480.00","1,690.00","310,575","558,579,402.55","19,443"
03-Mar-2023,EQ,"1,803.00","1,807.45","1,792.70","1,791.10","1,796.95","1,796.25","1,800.37","2,480.00","1,690.00","362,876","653,310,294.40","17,116"
02-Mar-2023,EQ,"1,822.80","1,822.80","1,786.00","1,809.35","1,791.90","1,791.10","1,802.35","2,480.00","1,690.00","353,070","636,355,259.90","16,712"
01-Mar-2023,EQ,"1,810.00","1,825.00","1,791.00","1,809.75","1,810.00","1,809.35","1,804.98","2,480.00","1,690.00","443,636","800,754,337.85","26,876"
28-Feb-2023,EQ,"1,810.85","1,816.80","1,785.00","1,803.60","1,808.30","1,809.75","1,800.86","2,480.00","1,690.00","410,054","738,448,910.65","28,774"
27-Feb-2023,EQ,"1,823.15","1,827.20","1,780.55","1,815.25","1,807.00","1,803.60","1,799.93","2,480.00","1,690.00","387,411","697,311,150.30","24,811"
24-Feb-2023,EQ,"1,800.10","1,851.65","1,800.10","1,779.60","1,825.00","1,815.25","1,818.75","2,480.00","1,690.00","1,252,229","2,277,489,727.20","59,258"
23-Feb-2023,EQ,"1,818.75","1,826.90","1,763.15","1,818.75","1,778.00","1,779.60","1,804.43","2,480.00","1,690.00","410,683","741,047,779.05","25,391"
22-Feb-2023,EQ,"1,834.35","1,836.00","1,807.40","1,833.15","1,819.75","1,818.75","1,822.73","2,480.00","1,690.00","223,820","407,962,563.65","18,475"
21-Feb-2023,EQ,"1,870.55","1,874.00","1,829.80","1,858.30","1,836.00","1,833.15","1,851.02","2,480.00","1,690.00","317,876","588,394,357.55","19,434"
20-Feb-2023,EQ,"1,856.00","1,916.90","1,850.00","1,856.30","1,862.00","1,858.30","1,874.69","2,480.00","1,690.00","921,850","1,728,182,441.10","38,879"
17-Feb-2023,EQ,"1,891.90","1,900.00","1,850.00","1,895.00","1,856.00","1,856.30","1,868.93","2,480.00","1,690.00","231,645","432,929,102.20","16,125"
16-Feb-2023,EQ,"1,907.00","1,917.50","1,889.25","1,903.25","1,892.00","1,895.00","1,903.81","2,480.00","1,690.00","65,980","125,613,565.85","6,033"
15-Feb-2023,EQ,"1,890.00","1,907.95","1,882.00","1,886.85","1,907.00","1,903.25","1,894.32","2,480.00","1,690.00","89,727","169,971,797.75","7,423"
14-Feb-2023,EQ,"1,875.00","1,899.00","1,869.70","1,889.30","1,885.00","1,886.85","1,882.77","2,480.00","1,690.00","136,330","256,678,050.80","10,344"
13-Feb-2023,EQ,"1,926.00","1,926.00","1,885.00","1,926.40","1,885.00","1,889.30","1,900.29","2,480.00","1,690.00","104,211","198,030,739.05","9,483"
10-Feb-2023,EQ,"1,918.80","1,951.75","1,916.80","1,917.80","1,927.15","1,926.40","1,933.02","2,480.00","1,690.00","142,893","276,215,170.70","11,249"
09-Feb-2023,EQ,"1,921.05","1,932.30","1,898.00","1,911.00","1,920.00","1,917.80","1,918.91","2,480.00","1,690.00","157,947","303,086,223.05","12,407"
08-Feb-2023,EQ,"1,914.50","1,920.30","1,894.05","1,905.00","1,912.00","1,911.00","1,909.86","2,480.00","1,690.00","104,250","199,102,408.65","10,288"
07-Feb-2023,EQ,"1,920.00","1,925.85","1,893.25","1,911.85","1,905.00","1,905.00","1,908.08","2,480.00","1,690.00","120,980","230,839,475.10","13,098"
06-Feb-2023,EQ,"1,864.95","1,915.40","1,852.90","1,856.10","1,911.35","1,911.85","1,893.35","2,480.00","1,690.00","187,475","354,954,937.80","16,637"
03-Feb-2023,EQ,"1,854.25","1,865.00","1,845.10","1,847.95","1,857.80","1,856.10","1,856.16","2,480.00","1,690.00","258,881","480,525,028.45","18,980"
02-Feb-2023,EQ,"1,854.80","1,881.55","1,836.50","1,861.10","1,854.00","1,847.95","1,862.28","2,480.00","1,690.00","715,636","1,332,715,328.80","15,477"
01-Feb-2023,EQ,"1,899.00","1,914.65","1,830.00","1,890.35","1,857.05","1,861.10","1,881.72","2,480.00","1,690.00","220,189","414,333,725.85","21,710"
31-Jan-2023,EQ,"1,874.15","1,900.00","1,861.00","1,872.65","1,898.90","1,890.35","1,880.95","2,480.00","1,690.00","482,203","907,001,639.85","40,704"
30-Jan-2023,EQ,"1,896.05","1,921.00","1,861.20","1,915.50","1,873.75","1,872.65","1,883.26","2,480.00","1,690.00","225,695","425,041,797.25","25,242"
27-Jan-2023,EQ,"1,940.00","1,957.60","1,903.05","1,934.05","1,917.00","1,915.50","1,929.23","2,480.00","1,690.00","180,990","349,170,678.60","17,893"
25-Jan-2023,EQ,"1,975.10","1,980.00","1,925.75","1,963.70","1,931.00","1,934.05","1,944.02","2,480.00","1,690.00","380,524","739,745,292.40","24,246"
24-Jan-2023,EQ,"2,007.10","2,010.00","1,957.00","2,000.80","1,970.20","1,963.70","1,977.66","2,480.00","1,690.00","302,395","598,035,940.35","22,187"
23-Jan-2023,EQ,"2,025.00","2,029.50","1,997.00","2,022.15","2,002.95","2,000.80","2,004.37","2,480.00","1,690.00","162,214","325,137,351.25","16,170"
20-Jan-2023,EQ,"2,060.00","2,067.85","2,016.55","2,061.80","2,016.85","2,022.15","2,035.38","2,504.95","1,690.00","141,447","287,898,764.65","12,670"
19-Jan-2023,EQ,"2,069.70","2,076.95","2,055.00","2,070.15","2,064.90","2,061.80","2,063.71","2,504.95","1,690.00","112,687","232,553,409.90","11,837"
18-Jan-2023,EQ,"2,091.95","2,098.85","2,067.00","2,095.95","2,070.00","2,070.15","2,080.37","2,504.95","1,690.00","133,040","276,771,976.95","14,755"
17-Jan-2023,EQ,"2,102.00","2,104.10","2,070.70","2,111.95","2,092.00","2,095.95","2,087.28","2,504.95","1,690.00","208,106","434,375,108.50","14,087"
16-Jan-2023,EQ,"2,152.60","2,172.80","2,100.00","2,152.65","2,101.00","2,111.95","2,104.88","2,504.95","1,690.00","1,685,850","3,548,513,726.50","13,727"
13-Jan-2023,EQ,"2,150.75","2,165.00","2,130.00","2,150.75","2,148.00","2,152.65","2,150.44","2,538.00","1,690.00","79,758","171,515,085.35","7,445"
12-Jan-2023,EQ,"2,144.95","2,156.30","2,121.10","2,143.45","2,139.65","2,150.75","2,141.45","2,538.00","1,690.00","60,504","129,566,301.05","6,415"
11-Jan-2023,EQ,"2,145.00","2,166.10","2,129.95","2,143.05","2,145.00","2,143.45","2,143.72","2,538.00","1,690.00","77,497","166,132,199.50","7,039"
10-Jan-2023,EQ,"2,172.10","2,173.95","2,135.00","2,172.10","2,140.35","2,143.05","2,148.36","2,538.00","1,690.00","84,071","180,615,173.55","8,362"
09-Jan-2023,EQ,"2,144.00","2,188.00","2,143.30","2,135.40","2,167.25","2,172.10","2,167.60","2,538.00","1,690.00","164,085","355,669,830.30","10,545"
06-Jan-2023,EQ,"2,200.00","2,235.00","2,127.75","2,199.40","2,136.00","2,135.40","2,181.89","2,538.00","1,690.00","277,442","605,346,899.70","17,047"
05-Jan-2023,EQ,"2,180.05","2,205.00","2,161.00","2,181.00","2,200.00","2,199.40","2,190.88","2,538.00","1,690.00","156,953","343,865,921.90","11,676"
04-Jan-2023,EQ,"2,195.00","2,203.30","2,167.25","2,189.65","2,180.00","2,181.00","2,184.29","2,538.00","1,690.00","122,242","267,011,985.05","6,757"
03-Jan-2023,EQ,"2,190.00","2,200.00","2,172.00","2,190.05","2,190.00","2,189.65","2,185.90","2,538.00","1,690.00","169,501","370,512,042.55","17,469"
02-Jan-2023,EQ,"2,190.00","2,196.00","2,173.00","2,181.50","2,186.50","2,190.05","2,186.13","2,538.00","1,690.00","150,717","329,486,809.55","7,345"
30-Dec-2022,EQ,"2,200.00","2,207.80","2,161.90","2,183.35","2,175.50","2,181.50","2,177.83","2,538.00","1,690.00","181,765","395,853,936.55","12,507"
29-Dec-2022,EQ,"2,150.00","2,197.95","2,123.70","2,154.40","2,184.00","2,183.35","2,164.09","2,538.00","1,690.00","283,983","614,565,681.85","21,342"
28-Dec-2022,EQ,"2,164.45","2,175.55","2,113.35","2,164.45","2,157.70","2,154.40","2,153.02","2,538.00","1,690.00","178,074","383,397,489.60","9,467"
27-Dec-2022,EQ,"2,141.95","2,175.00","2,139.80","2,135.70","2,163.00","2,164.45","2,155.91","2,538.00","1,690.00","97,921","211,109,039.20","9,899"
26-Dec-2022,EQ,"2,070.10","2,154.50","2,065.00","2,075.85","2,131.00","2,135.70","2,129.67","2,538.00","1,690.00","217,046","462,236,556.55","14,345"
23-Dec-2022,EQ,"2,155.30","2,173.00","2,061.75","2,183.10","2,070.10","2,075.85","2,118.85","2,538.00","1,690.00","247,913","525,291,342.00","18,662"
22-Dec-2022,EQ,"2,235.00","2,244.85","2,175.60","2,228.60","2,181.70","2,183.10","2,196.20","2,538.00","1,690.00","242,084","531,664,114.90","15,914"
21-Dec-2022,EQ,"2,273.00","2,311.90","2,217.65","2,273.85","2,225.00","2,228.60","2,265.52","2,538.00","1,690.00","229,348","519,592,728.50","16,247"
20-Dec-2022,EQ,"2,294.00","2,314.65","2,238.55","2,290.80","2,265.60","2,273.85","2,275.39","2,538.00","1,690.00","380,464","865,705,595.05","22,969"
19-Dec-2022,EQ,"2,240.00","2,299.85","2,226.25","2,238.55","2,289.70","2,290.80","2,279.14","2,538.00","1,690.00","278,009","633,620,868.95","20,124"
16-Dec-2022,EQ,"2,251.00","2,298.00","2,207.30","2,257.40","2,245.00","2,238.55","2,245.02","2,569.95","1,690.00","366,178","822,075,488.00","20,560"
15-Dec-2022,EQ,"2,268.70","2,284.80","2,243.60","2,270.70","2,243.60","2,257.40","2,268.21","2,569.95","1,690.00","196,756","446,283,813.40","13,361"
14-Dec-2022,EQ,"2,250.15","2,278.70","2,242.20","2,248.15","2,269.00","2,270.70","2,263.47","2,569.95","1,690.00","265,763","601,545,614.20","10,595"
13-Dec-2022,EQ,"2,249.00","2,275.00","2,238.10","2,237.80","2,243.10","2,248.15","2,256.99","2,569.95","1,690.00","172,495","389,319,322.15","13,145"
12-Dec-2022,EQ,"2,252.90","2,252.90","2,216.10","2,253.05","2,238.00","2,237.80","2,236.20","2,569.95","1,690.00","137,115","306,616,161.45","11,028"
09-Dec-2022,EQ,"2,297.00","2,297.50","2,230.00","2,295.35","2,244.90","2,253.05","2,260.23","2,599.00","1,690.00","270,856","612,197,629.10","16,597"
08-Dec-2022,EQ,"2,288.95","2,298.80","2,245.60","2,273.80","2,289.00","2,295.35","2,279.94","2,599.00","1,690.00","381,831","870,550,955.10","22,868"
07-Dec-2022,EQ,"2,195.00","2,296.00","2,190.00","2,192.00","2,273.00","2,273.80","2,256.80","2,599.00","1,690.00","1,895,208","4,277,099,805.20","69,771"
06-Dec-2022,EQ,"2,174.80","2,196.80","2,165.05","2,186.80","2,190.00","2,192.00","2,182.55","2,599.00","1,690.00","86,367","188,500,206.60","7,540"
05-Dec-2022,EQ,"2,201.05","2,205.50","2,175.00","2,193.95","2,182.85","2,186.80","2,191.36","2,599.00","1,690.00","221,880","486,219,525.55","10,084"
02-Dec-2022,EQ,"2,199.85","2,229.90","2,186.00","2,199.90","2,190.00","2,193.95","2,203.00","2,621.50","1,690.00","358,759","790,344,617.45","20,406"
01-Dec-2022,EQ,"2,190.30","2,203.20","2,180.00","2,187.10","2,199.00","2,199.90","2,196.30","2,621.50","1,690.00","441,009","968,587,497.65","14,353"
30-Nov-2022,EQ,"2,171.10","2,190.00","2,162.30","2,173.65","2,185.00","2,187.10","2,184.19","2,621.50","1,690.00","293,086","640,155,667.70","9,641"
29-Nov-2022,EQ,"2,164.00","2,183.00","2,151.05","2,166.25","2,171.10","2,173.65","2,171.00","2,621.50","1,690.00","170,350","369,829,990.50","10,659"
28-Nov-2022,EQ,"2,167.00","2,171.00","2,145.75","2,162.95","2,163.00","2,166.25","2,162.47","2,621.50","1,690.00","266,081","575,391,206.30","8,006"
25-Nov-2022,EQ,"2,127.20","2,167.00","2,124.85","2,124.55","2,164.00","2,162.95","2,151.99","2,621.50","1,690.00","309,506","666,053,258.75","16,150"
24-Nov-2022,EQ,"2,135.00","2,137.00","2,111.95","2,128.45","2,129.00","2,124.55","2,123.00","2,621.50","1,690.00","200,225","425,076,924.20","10,500"
23-Nov-2022,EQ,"2,106.10","2,136.00","2,090.05","2,105.90","2,122.00","2,128.45","2,125.34","2,621.50","1,690.00","334,432","710,783,248.45","14,339"
22-Nov-2022,EQ,"2,066.50","2,137.65","2,060.40","2,071.45","2,102.00","2,105.90","2,105.27","2,621.50","1,690.00","366,038","770,609,619.65","14,594"
21-Nov-2022,EQ,"2,047.00","2,081.00","2,032.90","2,052.55","2,066.00","2,071.45","2,062.39","2,621.50","1,690.00","151,046","311,515,225.20","12,557"
18-Nov-2022,EQ,"2,047.40","2,057.85","2,030.25","2,047.30","2,051.00","2,052.55","2,046.61","2,688.00","1,690.00","135,452","277,217,104.95","8,277"
17-Nov-2022,EQ,"2,073.25","2,073.25","2,031.15","2,073.25","2,048.85","2,047.30","2,042.60","2,688.00","1,690.00","216,924","443,088,283.05","12,933"
16-Nov-2022,EQ,"2,081.00","2,098.00","2,060.00","2,078.90","2,074.00","2,073.25","2,074.94","2,688.00","1,690.00","137,583","285,476,850.30","10,863"
15-Nov-2022,EQ,"2,072.50","2,091.55","2,062.40","2,072.05","2,081.00","2,078.90","2,077.52","2,688.00","1,690.00","78,983","164,088,915.95","6,874"
14-Nov-2022,EQ,"2,112.90","2,112.90","2,060.00","2,102.35","2,067.85","2,072.05","2,077.72","2,688.00","1,690.00","156,895","325,983,292.40","11,140"
11-Nov-2022,EQ,"2,094.55","2,149.45","2,091.25","2,084.10","2,102.90","2,102.35","2,125.61","2,699.00","1,690.00","672,672","1,429,835,808.90","34,656"
10-Nov-2022,EQ,"2,096.00","2,099.80","2,060.85","2,099.80","2,078.10","2,084.10","2,082.26","2,699.00","1,690.00","81,649","170,014,078.75","9,127"
09-Nov-2022,EQ,"2,092.00","2,122.00","2,081.60","2,088.60","2,092.10","2,099.80","2,108.11","2,699.00","1,690.00","158,014","333,111,312.25","10,486"
07-Nov-2022,EQ,"2,089.00","2,101.90","2,078.00","2,088.55","2,087.15","2,088.60","2,087.82","2,699.00","1,690.00","82,476","172,195,094.15","7,013"
04-Nov-2022,EQ,"2,096.50","2,112.65","2,070.75","2,098.20","2,085.65","2,088.55","2,087.58","2,699.00","1,690.00","96,364","201,167,149.55","13,092"
03-Nov-2022,EQ,"2,103.80","2,111.95","2,080.05","2,105.85","2,096.50","2,098.20","2,097.69","2,699.00","1,690.00","170,383","357,410,208.10","14,156"
02-Nov-2022,EQ,"2,090.00","2,114.80","2,081.00","2,090.25","2,107.00","2,105.85","2,104.45","2,699.00","1,690.00","145,077","305,307,716.75","15,451"
01-Nov-2022,EQ,"2,077.00","2,097.95","2,073.10","2,074.60","2,093.50","2,090.25","2,088.46","2,699.00","1,690.00","118,681","247,860,022.60","10,909"
31-Oct-2022,EQ,"2,079.65","2,092.70","2,065.50","2,069.30","2,075.00","2,074.60","2,073.65","2,699.00","1,690.00","104,592","216,887,219.00","9,984"
28-Oct-2022,EQ,"2,081.90","2,098.00","2,055.85","2,078.65","2,074.00","2,069.30","2,070.16","2,802.55","1,690.00","230,029","476,196,742.40","7,847"
27-Oct-2022,EQ,"2,065.00","2,109.55","2,057.10","2,060.15","2,081.90","2,078.65","2,090.95","2,802.55","1,690.00","356,130","744,649,371.10","19,471"
25-Oct-2022,EQ,"2,065.00","2,072.75","2,037.85","2,060.65","2,060.60","2,060.15","2,056.71","2,802.55","1,690.00","164,332","337,983,627.80","12,075"
24-Oct-2022,EQ,"2,088.00","2,088.00","2,058.00","2,069.55","2,063.55","2,060.65","2,067.45","2,802.55","1,690.00","41,479","85,755,872.20","4,493"
21-Oct-2022,EQ,"2,035.00","2,092.95","2,032.00","2,035.35","2,071.50","2,069.55","2,070.50","2,979.00","1,690.00","607,936","1,258,731,907.65","29,079"
20-Oct-2022,EQ,"1,944.00","2,049.00","1,916.05","1,960.30","2,038.00","2,035.35","1,997.34","2,979.00","1,690.00","676,118","1,350,439,058.05","37,635"
19-Oct-2022,EQ,"1,943.90","1,989.00","1,940.05","1,934.20","1,955.70","1,960.30","1,973.06","2,979.00","1,690.00","449,607","887,101,164.55","24,502"
18-Oct-2022,EQ,"1,921.20","1,946.00","1,920.95","1,914.35","1,936.15","1,934.20","1,933.52","2,979.00","1,690.00","128,186","247,849,622.70","14,913"
17-Oct-2022,EQ,"1,893.00","1,922.60","1,890.20","1,896.85","1,919.95","1,914.35","1,907.78","2,979.00","1,690.00","128,076","244,341,033.35","13,599"
14-Oct-2022,EQ,"1,935.50","1,939.85","1,890.10","1,920.20","1,898.65","1,896.85","1,916.90","2,979.00","1,690.00","212,087","406,548,556.45","11,816"
13-Oct-2022,EQ,"1,924.85","1,934.00","1,906.25","1,925.00","1,920.00","1,920.20","1,921.57","2,979.00","1,690.00","148,931","286,180,905.00","8,031"
12-Oct-2022,EQ,"1,906.00","1,930.00","1,888.55","1,905.55","1,924.85","1,925.00","1,912.97","2,979.00","1,690.00","109,064","208,635,693.85","6,303"
11-Oct-2022,EQ,"1,925.80","1,942.00","1,899.60","1,916.20","1,906.05","1,905.55","1,928.51","2,979.00","1,690.00","298,319","575,311,659.55","13,584"
10-Oct-2022,EQ,"1,895.00","1,918.70","1,888.10","1,917.40","1,917.00","1,916.20","1,907.58","2,979.00","1,690.00","227,896","434,729,731.20","7,740"
07-Oct-2022,EQ,"1,901.20","1,924.95","1,886.45","1,911.60","1,924.95","1,917.40","1,907.04","2,979.00","1,690.00","153,781","293,265,991.75","5,927"
06-Oct-2022,EQ,"1,901.00","1,921.70","1,896.00","1,892.40","1,914.00","1,911.60","1,909.50","2,979.00","1,690.00","195,370","373,058,563.00","9,255"
04-Oct-2022,EQ,"1,863.95","1,916.40","1,857.70","1,838.40","1,892.00","1,892.40","1,894.17","2,979.00","1,690.00","180,703","342,281,361.10","12,251"
03-Oct-2022,EQ,"1,895.00","1,900.00","1,830.00","1,889.60","1,839.50","1,838.40","1,863.28","2,979.00","1,690.00","390,958","728,465,418.20","19,730"
30-Sep-2022,EQ,"1,874.00","1,908.80","1,857.00","1,867.15","1,897.30","1,889.60","1,887.28","3,238.00","1,690.00","326,687","616,549,938.40","21,070"
29-Sep-2022,EQ,"1,868.90","1,890.90","1,840.65","1,859.60","1,870.00","1,867.15","1,860.27","3,238.00","1,690.00","626,467","1,165,395,332.75","30,542"
28-Sep-2022,EQ,"1,852.00","1,873.45","1,831.00","1,861.95","1,860.00","1,859.60","1,855.45","3,238.00","1,690.00","197,975","367,332,165.70","12,542"
27-Sep-2022,EQ,"1,855.00","1,873.30","1,821.00","1,851.10","1,861.80","1,861.95","1,849.89","3,238.00","1,690.00","242,687","448,944,520.95","18,195"
26-Sep-2022,EQ,"1,886.00","1,886.70","1,847.00","1,886.80","1,849.00","1,851.10","1,865.33","3,238.00","1,690.00","370,567","691,231,378.35","19,902"
23-Sep-2022,EQ,"1,924.80","1,924.80","1,880.00","1,916.85","1,889.75","1,886.80","1,901.00","3,292.00","1,690.00","185,568","352,765,178.30","14,512"
22-Sep-2022,EQ,"1,936.00","1,936.35","1,903.00","1,939.85","1,918.80","1,916.85","1,918.31","3,292.00","1,690.00","194,881","373,841,593.85","14,376"
21-Sep-2022,EQ,"1,944.35","1,955.45","1,927.05","1,944.35","1,936.75","1,939.85","1,941.84","3,292.00","1,690.00","197,561","383,631,949.85","12,493"
20-Sep-2022,EQ,"1,950.55","1,957.75","1,939.50","1,940.80","1,943.10","1,944.35","1,948.10","3,292.00","1,690.00","267,520","521,155,002.55","17,366"
19-Sep-2022,EQ,"1,953.75","1,973.10","1,931.45","1,944.25","1,946.70","1,940.80","1,951.83","3,292.00","1,690.00","143,711","280,499,107.40","12,354"
16-Sep-2022,EQ,"2,016.00","2,016.00","1,925.25","2,009.75","1,939.00","1,944.25","1,960.84","3,338.00","1,690.00","352,023","690,261,379.65","29,732"
15-Sep-2022,EQ,"2,043.80","2,052.85","2,005.05","2,031.55","2,013.80","2,009.75","2,017.26","3,338.00","1,690.00","205,558","414,664,724.85","18,669"
14-Sep-2022,EQ,"2,005.00","2,044.40","2,005.00","2,045.40","2,026.60","2,031.55","2,027.96","3,338.00","1,690.00","181,237","367,541,768.70","16,925"
13-Sep-2022,EQ,"2,047.60","2,069.45","2,040.05","2,037.40","2,046.00","2,045.40","2,054.80","3,338.00","1,690.00","209,309","430,088,772.25","12,557"
12-Sep-2022,EQ,"2,028.95","2,054.50","2,020.55","2,015.50","2,040.00","2,037.40","2,041.43","3,338.00","1,690.00","158,643","323,859,353.35","11,390"
09-Sep-2022,EQ,"2,025.50","2,048.50","2,006.00","2,021.20","2,015.00","2,015.50","2,028.14","3,365.00","1,690.00","194,929","395,344,068.10","14,770"
08-Sep-2022,EQ,"2,020.05","2,036.35","2,011.10","2,010.00","2,015.00","2,021.20","2,024.17","3,365.00","1,690.00","168,530","341,134,052.30","11,010"
07-Sep-2022,EQ,"1,966.00","2,016.00","1,964.90","1,972.95","2,009.05","2,010.00","1,994.37","3,365.00","1,690.00","274,998","548,446,767.55","15,933"
06-Sep-2022,EQ,"2,014.95","2,017.70","1,970.05","2,001.90","1,974.75","1,972.95","1,983.88","3,365.00","1,690.00","332,049","658,744,050.60","25,632"
05-Sep-2022,EQ,"2,020.00","2,029.40","1,997.90","2,014.45","2,000.00","2,001.90","2,013.27","3,365.00","1,690.00","209,718","422,219,450.40","14,058"
02-Sep-2022,EQ,"2,049.95","2,049.95","2,001.75","2,040.70","2,016.00","2,014.45","2,025.05","3,365.00","1,690.00","280,156","567,330,861.90","16,963"
01-Sep-2022,EQ,"2,062.00","2,065.00","2,030.25","2,074.90","2,041.00","2,040.70","2,047.46","3,365.00","1,690.00","219,714","449,855,635.25","16,073"
30-Aug-2022,EQ,"2,057.85","2,082.00","2,045.85","2,044.55","2,070.00","2,074.90","2,063.93","3,365.00","1,690.00","331,053","683,269,725.60","26,896"
29-Aug-2022,EQ,"2,035.00","2,065.15","2,030.20","2,089.55","2,044.80","2,044.55","2,045.23","3,365.00","1,690.00","292,021","597,251,032.30","20,466"
26-Aug-2022,EQ,"2,127.45","2,138.90","2,084.40","2,114.20","2,088.90","2,089.55","2,109.30","3,365.00","1,690.00","321,872","678,923,265.25","23,960"
25-Aug-2022,EQ,"2,124.95","2,127.80","2,105.30","2,114.20","2,114.95","2,114.20","2,116.56","3,365.00","1,690.00","264,301","559,409,204.55","14,632"
24-Aug-2022,EQ,"2,135.00","2,149.60","2,102.00","2,158.40","2,114.75","2,114.20","2,115.87","3,365.00","1,690.00","439,590","930,113,988.15","29,475"
23-Aug-2022,EQ,"2,090.00","2,165.90","2,086.20","2,103.70","2,154.00","2,158.40","2,146.24","3,365.00","1,690.00","953,019","2,045,403,314.70","32,563"
22-Aug-2022,EQ,"2,140.00","2,147.85","2,097.65","2,157.10","2,105.00","2,103.70","2,111.77","3,365.00","1,690.00","520,063","1,098,255,339.75","18,402"
19-Aug-2022,EQ,"2,188.00","2,213.00","2,140.00","2,181.35","2,151.00","2,157.10","2,173.27","3,365.00","1,690.00","525,591","1,142,250,063.55","30,681"
18-Aug-2022,EQ,"2,160.00","2,193.80","2,150.00","2,172.50","2,181.00","2,181.35","2,172.85","3,365.00","1,690.00","464,330","1,008,918,997.35","22,150"
17-Aug-2022,EQ,"2,175.00","2,203.15","2,154.55","2,181.35","2,170.85","2,172.50","2,177.37","3,365.00","1,690.00","773,058","1,683,230,739.95","48,058"
16-Aug-2022,EQ,"1,969.50","2,218.85","1,935.50","1,956.50","2,184.55","2,181.35","2,094.03","3,365.00","1,690.00","5,461,044","11,435,563,311.75","158,952"
12-Aug-2022,EQ,"2,031.00","2,039.95","1,948.15","2,027.20","1,962.10","1,956.50","1,983.36","3,365.00","1,690.00","932,487","1,849,459,978.25","43,975"
11-Aug-2022,EQ,"1,998.35","2,046.00","1,986.00","1,984.50","2,025.00","2,027.20","2,024.50","3,365.00","1,690.00","444,511","899,914,710.30","23,360"
10-Aug-2022,EQ,"2,012.40","2,013.85","1,978.00","2,004.70","1,983.00","1,984.50","1,997.43","3,365.00","1,690.00","124,810","249,298,996.30","9,985"
08-Aug-2022,EQ,"2,000.00","2,016.90","1,984.05","2,002.05","2,000.00","2,004.70","2,004.57","3,365.00","1,690.00","223,183","447,386,198.20","14,093"
05-Aug-2022,EQ,"1,992.60","2,008.80","1,975.60","1,987.35","1,997.90","2,002.05","1,993.60","3,365.00","1,690.00","191,580","381,934,268.80","15,940"
04-Aug-2022,EQ,"2,001.55","2,023.10","1,965.00","2,001.55","1,988.20","1,987.35","1,991.61","3,365.00","1,690.00","324,198","645,676,363.70","18,583"
03-Aug-2022,EQ,"2,009.70","2,032.00","1,989.00","2,009.60","2,002.00","2,001.55","2,011.05","3,365.00","1,690.00","538,320","1,082,586,169.25","27,110"
02-Aug-2022,EQ,"1,999.85","2,018.00","1,992.60","1,999.85","2,011.45","2,009.60","2,004.27","3,365.00","1,690.00","292,946","587,143,254.55","20,124"
01-Aug-2022,EQ,"1,961.40","2,022.15","1,943.00","1,947.30","2,000.70","1,999.85","2,000.10","3,365.00","1,690.00","394,694","789,426,582.50","25,844"
29-Jul-2022,EQ,"1,969.00","1,985.00","1,937.45","1,945.15","1,942.00","1,947.30","1,961.30","3,365.00","1,690.00","365,354","716,567,346.25","19,055"
28-Jul-2022,EQ,"1,924.45","1,958.00","1,912.15","1,906.20","1,945.40","1,945.15","1,941.81","3,365.00","1,690.00","448,907","871,692,037.65","29,500"
27-Jul-2022,EQ,"1,860.00","1,916.00","1,852.35","1,862.30","1,908.00","1,906.20","1,881.52","3,365.00","1,690.00","634,649","1,194,101,947.80","20,879"
26-Jul-2022,EQ,"1,865.00","1,889.00","1,848.15","1,860.35","1,860.00","1,862.30","1,863.65","3,365.00","1,690.00","531,666","990,841,150.25","37,925"
25-Jul-2022,EQ,"1,889.50","1,906.25","1,840.00","1,901.75","1,855.00","1,860.35","1,863.01","3,365.00","1,690.00","650,149","1,211,237,337.55","52,424"
22-Jul-2022,EQ,"1,938.00","1,939.80","1,872.00","1,925.05","1,896.90","1,901.75","1,899.26","3,365.00","1,690.00","673,444","1,279,042,187.30","31,319"
21-Jul-2022,EQ,"1,920.00","1,937.00","1,891.00","1,921.70","1,929.00","1,925.05","1,916.92","3,365.00","1,690.00","273,387","524,060,999.60","14,085"
20-Jul-2022,EQ,"1,944.00","1,953.45","1,917.00","1,931.55","1,919.70","1,921.70","1,934.44","3,365.00","1,690.00","106,222","205,480,052.80","8,724"
19-Jul-2022,EQ,"1,928.00","1,936.90","1,915.15","1,930.55","1,927.00","1,931.55","1,927.59","3,365.00","1,690.00","89,618","172,746,518.20","6,149"
18-Jul-2022,EQ,"1,910.00","1,935.00","1,904.40","1,897.90","1,930.00","1,930.55","1,920.74","3,365.00","1,690.00","147,379","283,077,092.85","9,116"
15-Jul-2022,EQ,"1,907.80","1,916.95","1,885.05","1,897.70","1,899.00","1,897.90","1,899.75","3,365.00","1,690.00","127,178","241,606,253.20","9,345"
14-Jul-2022,EQ,"1,906.85","1,933.00","1,889.95","1,906.85","1,906.00","1,897.70","1,913.43","3,365.00","1,690.00","265,885","508,751,872.65","15,907"
13-Jul-2022,EQ,"1,927.95","1,934.05","1,895.95","1,917.10","1,905.05","1,906.85","1,910.97","3,365.00","1,690.00","138,265","264,219,634.30","10,203"
12-Jul-2022,EQ,"1,954.90","1,954.90","1,908.80","1,958.75","1,910.00","1,917.10","1,933.91","3,365.00","1,690.00","191,362","370,077,628.50","11,473"
11-Jul-2022,EQ,"1,950.00","1,968.40","1,935.05","1,957.25","1,955.45","1,958.75","1,949.31","3,365.00","1,690.00","449,747","876,695,582.60","18,401"
08-Jul-2022,EQ,"1,915.00","1,962.75","1,914.65","1,906.00","1,957.10","1,957.25","1,940.91","3,365.00","1,690.00","634,656","1,231,807,982.70","24,812"
07-Jul-2022,EQ,"1,912.50","1,924.45","1,899.00","1,910.90","1,905.50","1,906.00","1,909.56","3,365.00","1,690.00","201,876","385,494,476.05","16,744"
06-Jul-2022,EQ,"1,870.00","1,914.90","1,860.20","1,862.80","1,902.95","1,910.90","1,888.54","3,365.00","1,690.00","221,066","417,491,403.05","14,941"
05-Jul-2022,EQ,"1,880.00","1,893.75","1,857.00","1,870.25","1,860.00","1,862.80","1,877.29","3,365.00","1,690.00","260,971","489,917,038.90","15,864"
04-Jul-2022,EQ,"1,837.80","1,876.80","1,832.60","1,834.10","1,867.00","1,870.25","1,861.30","3,365.00","1,690.00","227,102","422,705,269.60","16,490"
01-Jul-2022,EQ,"1,782.00","1,839.00","1,779.70","1,792.35","1,833.30","1,834.10","1,817.70","3,365.00","1,690.00","447,884","814,120,124.50","22,700"
30-Jun-2022,EQ,"1,750.00","1,798.00","1,750.00","1,744.85","1,793.95","1,792.35","1,781.14","3,365.00","1,690.00","633,532","1,128,408,453.65","33,035"
29-Jun-2022,EQ,"1,769.70","1,774.65","1,737.85","1,750.10","1,740.00","1,744.85","1,756.81","3,365.00","1,690.00","557,376","979,204,027.50","31,523"
28-Jun-2022,EQ,"1,753.00","1,790.65","1,744.00","1,757.95","1,751.00","1,750.10","1,768.05","3,365.00","1,690.00","743,510","1,314,559,368.95","43,178"
27-Jun-2022,EQ,"1,813.00","1,841.60","1,751.50","1,816.05","1,757.00","1,757.95","1,777.55","3,365.00","1,690.00","1,285,209","2,284,528,959.80","61,926"
24-Jun-2022,EQ,"1,835.00","1,847.85","1,806.20","1,815.80","1,811.95","1,816.05","1,825.89","3,365.00","1,690.00","306,362","559,383,923.40","13,420"
23-Jun-2022,EQ,"1,828.00","1,840.45","1,804.50","1,828.50","1,816.85","1,815.80","1,823.62","3,365.00","1,690.00","279,256","509,257,900.05","12,692"
22-Jun-2022,EQ,"1,841.00","1,849.20","1,819.75","1,855.05","1,820.00","1,828.50","1,836.53","3,365.00","1,690.00","248,738","456,814,493.20","11,815"
21-Jun-2022,EQ,"1,796.00","1,863.05","1,784.30","1,787.35","1,855.90","1,855.05","1,838.69","3,365.00","1,690.00","287,952","529,453,311.25","22,573"
20-Jun-2022,EQ,"1,768.00","1,794.95","1,756.00","1,768.25","1,780.00","1,787.35","1,780.77","3,365.00","1,690.00","284,912","507,362,067.50","15,486"
17-Jun-2022,EQ,"1,768.00","1,779.45","1,713.10","1,784.95","1,764.25","1,768.25","1,757.70","3,365.00","1,690.00","783,177","1,376,593,624.20","36,590"
16-Jun-2022,EQ,"1,838.50","1,856.70","1,776.10","1,829.00","1,780.05","1,784.95","1,806.76","3,365.00","1,690.00","583,590","1,054,406,108.40","30,153"
15-Jun-2022,EQ,"1,815.00","1,832.90","1,798.05","1,820.65","1,830.25","1,829.00","1,821.22","3,365.00","1,690.00","369,751","673,398,547.80","14,795"
14-Jun-2022,EQ,"1,805.00","1,826.00","1,798.85","1,813.80","1,818.10","1,820.65","1,811.12","3,365.00","1,690.00","545,533","988,023,112.05","14,995"
13-Jun-2022,EQ,"1,834.10","1,846.75","1,800.00","1,868.35","1,810.00","1,813.80","1,813.11","3,365.00","1,690.00","601,176","1,089,998,151.40","20,559"
10-Jun-2022,EQ,"1,856.00","1,872.00","1,843.25","1,881.10","1,865.20","1,868.35","1,857.68","3,365.00","1,690.00","528,035","980,919,151.40","17,669"
09-Jun-2022,EQ,"1,851.00","1,885.45","1,841.20","1,900.85","1,881.75","1,881.10","1,865.22","3,365.00","1,690.00","570,643","1,064,374,392.00","16,517"
08-Jun-2022,EQ,"1,872.00","1,918.00","1,857.45","1,870.85","1,898.00","1,900.85","1,893.71","3,365.00","1,690.00","749,904","1,420,097,199.30","29,724"
07-Jun-2022,EQ,"1,835.20","1,877.40","1,811.50","1,858.00","1,869.20","1,870.85","1,852.50","3,365.00","1,690.00","547,969","1,015,114,403.75","19,533"
06-Jun-2022,EQ,"1,846.20","1,874.35","1,818.00","1,862.05","1,857.00","1,858.00","1,848.88","3,365.00","1,690.00","572,717","1,058,882,490.95","18,783"
03-Jun-2022,EQ,"1,886.00","1,898.00","1,857.05","1,885.05","1,864.00","1,862.05","1,875.09","3,365.00","1,690.00","605,078","1,134,577,055.70","21,950"
02-Jun-2022,EQ,"1,835.10","1,890.05","1,835.10","1,854.25","1,885.00","1,885.05","1,863.27","3,365.00","1,690.00","408,162","760,514,257.45","17,182"
01-Jun-2022,EQ,"1,855.00","1,888.65","1,835.00","1,896.80","1,855.10","1,854.25","1,863.12","3,365.00","1,690.00","675,732","1,258,968,470.40","30,904"
31-May-2022,EQ,"1,826.80","1,945.20","1,808.15","1,835.30","1,858.15","1,896.80","1,891.49","3,365.00","1,690.00","6,788,518","12,840,414,836.55","105,029"
30-May-2022,EQ,"1,820.90","1,843.75","1,809.20","1,807.20","1,835.00","1,835.30","1,824.99","3,365.00","1,690.00","731,502","1,334,982,294.50","38,217"
27-May-2022,EQ,"1,751.95","1,814.65","1,742.50","1,738.15","1,804.95","1,807.20","1,778.05","3,365.00","1,690.00","973,424","1,730,791,779.00","39,287"
26-May-2022,EQ,"1,705.00","1,743.60","1,690.95","1,704.40","1,738.60","1,738.15","1,720.02","3,365.00","1,690.00","719,268","1,237,156,508.00","49,266"
25-May-2022,EQ,"1,712.35","1,720.00","1,693.10","1,702.35","1,703.50","1,704.40","1,702.99","3,365.00","1,690.00","394,964","672,619,741.40","30,318"
24-May-2022,EQ,"1,736.35","1,739.45","1,690.00","1,735.25","1,700.00","1,702.35","1,705.97","3,365.00","1,690.00","778,181","1,327,550,554.55","45,890"
23-May-2022,EQ,"1,712.00","1,758.90","1,702.50","1,706.80","1,726.05","1,735.25","1,738.97","3,365.00","1,701.40","505,475","879,007,705.85","27,167"
20-May-2022,EQ,"1,724.90","1,736.15","1,704.00","1,706.75","1,706.00","1,706.80","1,714.26","3,365.00","1,701.40","461,456","791,057,548.95","29,289"
19-May-2022,EQ,"1,753.65","1,753.65","1,701.40","1,775.10","1,708.95","1,706.75","1,717.40","3,365.00","1,701.40","454,497","780,552,898.50","38,759"
18-May-2022,EQ,"1,818.10","1,830.60","1,770.15","1,811.40","1,778.90","1,775.10","1,794.09","3,365.00","1,744.05","386,514","693,440,012.30","35,581"
17-May-2022,EQ,"1,772.80","1,815.00","1,744.05","1,761.00","1,812.00","1,811.40","1,780.11","3,365.00","1,744.05","355,760","633,290,898.45","26,929"
16-May-2022,EQ,"1,782.80","1,806.70","1,752.70","1,770.05","1,764.95","1,761.00","1,775.47","3,365.00","1,751.00","355,309","630,839,259.75","25,476"
13-May-2022,EQ,"1,857.00","1,861.00","1,751.00","1,840.05","1,761.00","1,770.05","1,806.81","3,365.00","1,751.00","525,367","949,239,773.95","49,740"
12-May-2022,EQ,"1,876.00","1,899.55","1,823.00","1,876.75","1,845.00","1,840.05","1,855.13","3,365.00","1,823.00","402,347","746,406,639.65","30,449"
11-May-2022,EQ,"1,929.95","1,929.95","1,842.10","1,917.65","1,878.90","1,876.75","1,875.53","3,365.00","1,842.10","513,224","962,568,200.75","36,501"
10-May-2022,EQ,"1,926.00","1,967.00","1,905.00","1,932.55","1,905.00","1,917.65","1,936.42","3,365.00","1,905.00","171,015","331,156,209.55","17,733"
09-May-2022,EQ,"1,956.00","1,972.25","1,912.00","1,958.00","1,940.80","1,932.55","1,938.58","3,365.00","1,912.00","361,661","701,108,724.30","23,856"
06-May-2022,EQ,"1,940.00","1,986.25","1,918.80","1,950.40","1,960.40","1,958.00","1,959.14","3,365.00","1,918.80","504,335","988,061,290.35","36,800"
05-May-2022,EQ,"2,005.50","2,022.80","1,942.00","1,995.40","1,948.35","1,950.40","1,978.87","3,365.00","1,942.00","387,425","766,662,002.45","41,565"
04-May-2022,EQ,"2,040.00","2,056.95","1,975.00","2,028.80","1,993.00","1,995.40","2,006.11","3,365.00","1,975.00","299,527","600,885,536.00","31,570"
02-May-2022,EQ,"2,030.00","2,038.80","2,009.00","2,041.75","2,026.00","2,028.80","2,025.13","3,365.00","1,985.00","214,189","433,759,869.85","16,882"
29-Apr-2022,EQ,"2,072.70","2,088.95","2,035.00","2,053.25","2,037.00","2,041.75","2,060.82","3,365.00","1,985.00","282,435","582,048,546.80","21,823"
28-Apr-2022,EQ,"2,048.00","2,092.00","2,045.00","2,071.95","2,051.50","2,053.25","2,061.17","3,365.00","1,985.00","404,105","832,929,044.65","27,299"
27-Apr-2022,EQ,"2,060.00","2,129.00","2,046.50","2,087.35","2,075.00","2,071.95","2,079.52","3,365.00","1,985.00","439,088","913,091,008.75","26,546"
26-Apr-2022,EQ,"2,029.95","2,094.00","1,995.00","2,005.00","2,088.00","2,087.35","2,027.20","3,365.00","1,985.00","824,631","1,671,691,855.70","55,722"
25-Apr-2022,EQ,"2,040.00","2,040.00","1,985.00","2,046.55","2,009.90","2,005.00","2,003.36","3,365.00","1,985.00","517,361","1,036,461,545.80","39,504"
22-Apr-2022,EQ,"2,093.95","2,093.95","2,041.00","2,092.75","2,044.00","2,046.55","2,060.79","3,365.00","1,987.85","316,393","652,019,169.70","32,406"
21-Apr-2022,EQ,"2,105.00","2,115.00","2,084.55","2,096.65","2,092.00","2,092.75","2,092.94","3,365.00","1,987.85","412,691","863,739,024.00","26,484"
20-Apr-2022,EQ,"2,129.00","2,150.00","2,086.00","2,109.55","2,097.00","2,096.65","2,107.76","3,365.00","1,987.85","244,863","516,112,171.55","21,716"
19-Apr-2022,EQ,"2,191.00","2,209.25","2,078.20","2,183.70","2,090.05","2,109.55","2,148.17","3,365.00","1,987.85","206,043","442,614,843.90","22,347"
18-Apr-2022,EQ,"2,153.00","2,224.55","2,152.70","2,198.25","2,184.95","2,183.70","2,196.72","3,365.00","1,987.85","314,551","690,981,453.30","33,502"
13-Apr-2022,EQ,"2,224.50","2,232.50","2,193.40","2,221.40","2,203.95","2,198.25","2,211.48","3,365.00","1,987.85","146,304","323,547,747.20","14,261"
12-Apr-2022,EQ,"2,255.00","2,255.00","2,211.15","2,257.00","2,222.00","2,221.40","2,229.65","3,365.00","1,987.85","162,997","363,426,559.65","15,432"
11-Apr-2022,EQ,"2,272.55","2,287.50","2,249.05","2,272.60","2,262.45","2,257.00","2,261.33","3,365.00","1,987.85","145,744","329,574,817.50","12,756"
08-Apr-2022,EQ,"2,290.00","2,320.50","2,258.00","2,286.70","2,271.00","2,272.60","2,280.18","3,365.00","1,987.85","243,881","556,092,445.95","18,469"
07-Apr-2022,EQ,"2,320.00","2,353.95","2,281.10","2,324.30","2,289.00","2,286.70","2,307.03","3,365.00","1,987.85","176,322","406,779,538.65","16,661"
06-Apr-2022,EQ,"2,329.95","2,351.00","2,305.65","2,341.45","2,320.00","2,324.30","2,326.54","3,365.00","1,987.85","185,877","432,450,505.35","18,096"
05-Apr-2022,EQ,"2,375.10","2,377.00","2,321.80","2,355.00","2,337.00","2,341.45","2,342.81","3,365.00","1,987.85","359,559","842,378,343.20","27,534"
04-Apr-2022,EQ,"2,300.00","2,480.00","2,288.65","2,276.50","2,347.00","2,355.00","2,386.47","3,365.00","1,987.85","2,091,074","4,990,285,022.05","139,133"
01-Apr-2022,EQ,"2,159.95","2,292.10","2,158.45","2,146.05","2,287.00","2,276.50","2,235.76","3,365.00","1,987.85","748,793","1,674,123,644.60","38,962"
31-Mar-2022,EQ,"2,163.30","2,191.75","2,134.90","2,163.30","2,142.15","2,146.05","2,170.21","3,365.00","1,987.85","413,524","897,435,687.50","22,925"
30-Mar-2022,EQ,"2,112.00","2,170.00","2,110.00","2,094.05","2,157.00","2,163.30","2,144.11","3,365.00","1,987.85","439,542","942,426,911.90","27,437"
29-Mar-2022,EQ,"2,096.20","2,113.45","2,084.55","2,094.70","2,097.00","2,094.05","2,099.82","3,365.00","1,987.85","524,815","1,102,015,927.70","23,183"
28-Mar-2022,EQ,"2,151.80","2,166.65","2,082.15","2,147.35","2,092.05","2,094.70","2,103.75","3,365.00","1,987.85","439,196","923,958,837.80","28,847"
25-Mar-2022,EQ,"2,182.05","2,198.75","2,142.15","2,180.15","2,154.90","2,147.35","2,170.34","3,365.00","1,987.85","216,125","469,065,438.70","15,436"
24-Mar-2022,EQ,"2,180.00","2,225.00","2,170.00","2,218.95","2,180.00","2,180.15","2,189.81","3,365.00","1,987.85","289,097","633,067,159.80","18,458"
23-Mar-2022,EQ,"2,169.60","2,242.80","2,169.60","2,160.35","2,216.00","2,218.95","2,217.51","3,365.00","1,987.85","595,258","1,319,992,398.70","36,660"
22-Mar-2022,EQ,"2,152.85","2,166.85","2,121.00","2,152.85","2,157.80","2,160.35","2,149.24","3,365.00","1,987.85","277,448","596,302,529.55","16,718"
21-Mar-2022,EQ,"2,246.75","2,255.75","2,145.60","2,238.00","2,149.80","2,152.85","2,195.36","3,365.00","1,987.85","367,894","807,659,744.15","25,436"
17-Mar-2022,EQ,"2,245.00","2,249.50","2,227.00","2,209.20","2,244.05","2,238.00","2,240.26","3,365.00","1,987.85","378,862","848,750,253.55","23,499"
16-Mar-2022,EQ,"2,150.00","2,227.00","2,145.90","2,132.15","2,207.00","2,209.20","2,195.20","3,365.00","1,987.85","480,898","1,055,665,312.20","32,640"
15-Mar-2022,EQ,"2,151.15","2,173.95","2,118.65","2,154.65","2,130.15","2,132.15","2,146.93","3,365.00","1,987.85","260,369","558,993,122.55","18,884"
14-Mar-2022,EQ,"2,164.90","2,173.70","2,118.00","2,167.80","2,160.05","2,154.65","2,144.52","3,365.00","1,987.85","241,260","517,386,124.75","16,201"
11-Mar-2022,EQ,"2,173.00","2,179.00","2,140.00","2,169.40","2,160.00","2,167.80","2,157.85","3,365.00","1,987.85","284,426","613,748,758.50","19,121"
10-Mar-2022,EQ,"2,185.00","2,185.00","2,140.45","2,133.40","2,169.05","2,169.40","2,160.97","3,365.00","1,987.85","318,952","689,247,128.35","24,877"
09-Mar-2022,EQ,"2,125.00","2,155.95","2,080.15","2,103.90","2,134.60","2,133.40","2,123.61","3,365.00","1,987.85","258,617","549,202,784.75","19,619"
08-Mar-2022,EQ,"2,030.00","2,110.00","2,007.05","2,038.55","2,102.00","2,103.90","2,074.39","3,365.00","1,987.85","256,820","532,745,520.60","22,588"
07-Mar-2022,EQ,"2,080.00","2,080.00","1,987.85","2,081.50","2,044.80","2,038.55","2,025.57","3,365.00","1,987.85","303,012","613,773,507.35","29,155"
04-Mar-2022,EQ,"2,071.95","2,105.30","2,048.00","2,088.35","2,077.00","2,081.50","2,072.18","3,365.00","2,010.00","191,483","396,787,284.45","17,524"
03-Mar-2022,EQ,"2,135.00","2,141.65","2,080.00","2,118.40","2,087.10","2,088.35","2,111.31","3,365.00","2,010.00","285,404","602,575,803.45","20,430"
02-Mar-2022,EQ,"2,070.00","2,124.00","2,055.05","2,086.20","2,115.50","2,118.40","2,086.87","3,365.00","2,010.00","285,743","596,308,330.30","20,915"
28-Feb-2022,EQ,"2,076.00","2,116.40","2,030.00","2,080.95","2,094.95","2,086.20","2,082.25","3,365.00","2,010.00","278,550","580,011,063.15","21,056"
25-Feb-2022,EQ,"2,055.00","2,109.90","2,051.30","2,021.05","2,077.00","2,080.95","2,080.27","3,365.00","2,010.00","329,430","685,303,952.50","27,742"
24-Feb-2022,EQ,"2,121.00","2,147.80","2,010.00","2,182.95","2,021.05","2,021.05","2,067.55","3,365.00","2,010.00","606,929","1,254,857,634.70","58,176"
23-Feb-2022,EQ,"2,199.85","2,206.00","2,171.65","2,181.70","2,183.00","2,182.95","2,193.84","3,365.00","2,107.00","196,013","430,021,010.45","15,258"
22-Feb-2022,EQ,"2,152.00","2,189.90","2,107.00","2,171.15","2,180.00","2,181.70","2,156.77","3,365.00","2,107.00","294,465","635,092,796.20","21,768"
21-Feb-2022,EQ,"2,190.00","2,195.00","2,161.20","2,199.25","2,171.65","2,171.15","2,178.30","3,365.00","2,118.00","175,758","382,853,732.30","14,408"
18-Feb-2022,EQ,"2,200.00","2,213.90","2,181.00","2,205.85","2,199.00","2,199.25","2,198.94","3,365.00","2,118.00","139,339","306,398,681.00","11,282"
17-Feb-2022,EQ,"2,210.00","2,219.80","2,182.05","2,205.60","2,205.00","2,205.85","2,204.43","3,365.00","2,118.00","258,458","569,753,746.95","17,392"
16-Feb-2022,EQ,"2,217.00","2,231.95","2,191.05","2,201.10","2,201.55","2,205.60","2,213.90","3,365.00","2,118.00","340,115","752,981,194.70","37,043"
15-Feb-2022,EQ,"2,172.00","2,211.25","2,167.20","2,172.35","2,200.00","2,201.10","2,195.16","3,365.00","2,118.00","270,837","594,530,026.25","30,311"
14-Feb-2022,EQ,"2,151.25","2,184.40","2,135.00","2,211.85","2,172.00","2,172.35","2,165.60","3,365.00","2,118.00","459,612","995,335,214.60","28,801"
11-Feb-2022,EQ,"2,200.00","2,224.05","2,190.35","2,220.90","2,201.00","2,211.85","2,209.79","3,365.00","2,118.00","252,172","557,246,337.60","17,079"
10-Feb-2022,EQ,"2,242.80","2,245.00","2,203.70","2,232.80","2,223.80","2,220.90","2,223.25","3,365.00","2,118.00","204,512","454,682,325.60","21,926"
09-Feb-2022,EQ,"2,212.00","2,244.00","2,212.00","2,209.45","2,230.00","2,232.80","2,232.04","3,365.00","2,118.00","201,889","450,625,237.85","21,479"
08-Feb-2022,EQ,"2,220.00","2,227.75","2,176.00","2,209.70","2,205.00","2,209.45","2,202.30","3,365.00","2,118.00","276,126","608,113,654.25","21,166"
07-Feb-2022,EQ,"2,302.00","2,304.25","2,196.25","2,300.30","2,208.00","2,209.70","2,229.18","3,365.00","2,118.00","347,872","775,467,914.05","31,441"
04-Feb-2022,EQ,"2,312.20","2,319.00","2,290.00","2,308.75","2,300.00","2,300.30","2,302.05","3,365.00","2,118.00","162,681","374,499,800.65","11,150"
03-Feb-2022,EQ,"2,301.05","2,333.05","2,281.00","2,295.30","2,312.05","2,308.75","2,311.57","3,365.00","2,118.00","354,323","819,042,124.65","21,382"
02-Feb-2022,EQ,"2,226.15","2,310.00","2,221.05","2,216.25","2,309.00","2,295.30","2,273.85","3,365.00","2,118.00","232,739","529,212,743.75","21,573"
01-Feb-2022,EQ,"2,229.00","2,229.90","2,186.40","2,205.20","2,217.90","2,216.25","2,213.75","3,365.00","2,118.00","361,619","800,534,416.15","27,372"
31-Jan-2022,EQ,"2,229.00","2,229.00","2,192.25","2,183.80","2,202.00","2,205.20","2,208.37","3,365.00","2,118.00","462,838","1,022,116,613.60","43,481"
28-Jan-2022,EQ,"2,174.90","2,251.40","2,141.80","2,140.75","2,190.00","2,183.80","2,201.74","3,365.00","2,118.00","805,044","1,772,495,552.10","64,360"
27-Jan-2022,EQ,"2,234.70","2,234.70","2,118.00","2,230.65","2,149.50","2,140.75","2,143.48","3,365.00","2,118.00","983,786","2,108,723,431.05","83,785"
25-Jan-2022,EQ,"2,225.00","2,254.00","2,170.65","2,258.85","2,243.00","2,230.65","2,224.60","3,365.00","2,170.65","570,533","1,269,207,800.50","44,024"
24-Jan-2022,EQ,"2,379.80","2,379.80","2,235.00","2,369.40","2,253.00","2,258.85","2,287.03","3,365.00","2,235.00","418,139","956,296,240.15","52,338"
21-Jan-2022,EQ,"2,388.90","2,388.90","2,347.15","2,393.10","2,373.90","2,369.40","2,362.75","3,365.00","2,280.00","221,731","523,895,430.35","16,616"
20-Jan-2022,EQ,"2,388.00","2,399.00","2,356.75","2,394.20","2,395.45","2,393.10","2,382.05","3,365.00","2,280.00","241,681","575,696,139.60","25,566"
19-Jan-2022,EQ,"2,463.20","2,463.20","2,388.55","2,449.50","2,398.95","2,394.20","2,404.35","3,365.00","2,280.00","264,613","636,222,738.60","23,645"
18-Jan-2022,EQ,"2,494.00","2,504.95","2,430.65","2,489.15","2,459.65","2,449.50","2,469.14","3,365.00","2,280.00","375,035","926,013,537.10","22,333"
17-Jan-2022,EQ,"2,484.40","2,494.60","2,463.30","2,470.60","2,490.80","2,489.15","2,483.21","3,365.00","2,280.00","180,829","449,037,213.60","15,795"
14-Jan-2022,EQ,"2,470.00","2,499.00","2,455.00","2,474.00","2,471.45","2,470.60","2,478.32","3,365.00","2,280.00","589,008","1,459,747,885.30","15,441"
13-Jan-2022,EQ,"2,503.90","2,507.35","2,467.25","2,491.30","2,476.90","2,474.00","2,486.28","3,365.00","2,280.00","190,160","472,791,482.95","12,978"
12-Jan-2022,EQ,"2,509.00","2,509.00","2,465.05","2,487.25","2,493.95","2,491.30","2,482.70","3,365.00","2,280.00","162,960","404,580,089.25","14,310"
11-Jan-2022,EQ,"2,500.45","2,538.00","2,481.00","2,518.25","2,491.95","2,487.25","2,509.30","3,365.00","2,280.00","162,099","406,755,343.50","15,745"
10-Jan-2022,EQ,"2,460.00","2,530.00","2,445.00","2,440.75","2,518.05","2,518.25","2,511.29","3,365.00","2,280.00","285,654","717,359,527.15","23,886"
07-Jan-2022,EQ,"2,467.75","2,467.75","2,435.40","2,450.20","2,440.95","2,440.75","2,450.81","3,365.00","2,280.00","233,181","571,482,472.00","12,731"
06-Jan-2022,EQ,"2,468.00","2,468.00","2,441.20","2,479.65","2,449.85","2,450.20","2,451.10","3,365.00","2,280.00","160,936","394,469,488.65","10,276"
05-Jan-2022,EQ,"2,480.00","2,491.00","2,466.90","2,475.80","2,477.65","2,479.65","2,482.03","3,365.00","2,280.00","131,020","325,196,140.80","12,036"
04-Jan-2022,EQ,"2,475.00","2,481.90","2,452.00","2,466.20","2,475.00","2,475.80","2,467.17","3,365.00","2,280.00","140,925","347,685,749.30","12,925"
03-Jan-2022,EQ,"2,465.65","2,474.45","2,450.00","2,446.10","2,465.05","2,466.20","2,465.19","3,365.00","2,280.00","160,239","395,020,241.15","14,251"
31-Dec-2021,EQ,"2,415.95","2,449.95","2,411.00","2,408.55","2,449.00","2,446.10","2,438.83","3,365.00","2,280.00","117,665","286,965,150.10","12,815"
30-Dec-2021,EQ,"2,420.90","2,424.95","2,382.00","2,418.80","2,410.85","2,408.55","2,399.93","3,365.00","2,280.00","276,518","663,623,619.95","18,565"
29-Dec-2021,EQ,"2,415.00","2,433.95","2,406.05","2,417.90","2,415.00","2,418.80","2,417.97","3,365.00","2,280.00","110,745","267,777,733.75","8,896"
28-Dec-2021,EQ,"2,378.10","2,427.15","2,368.25","2,372.20","2,412.45","2,417.90","2,408.45","3,365.00","2,280.00","154,901","373,071,406.10","13,696"
27-Dec-2021,EQ,"2,340.00","2,376.00","2,325.95","2,349.10","2,372.50","2,372.20","2,355.10","3,365.00","2,280.00","140,630","331,197,105.40","9,985"
24-Dec-2021,EQ,"2,389.35","2,390.00","2,325.40","2,378.30","2,352.00","2,349.10","2,346.46","3,365.00","2,280.00","280,056","657,140,814.05","14,851"
23-Dec-2021,EQ,"2,362.25","2,384.45","2,345.10","2,357.55","2,383.90","2,378.30","2,364.83","3,365.00","2,280.00","338,975","801,616,596.10","17,458"
22-Dec-2021,EQ,"2,334.95","2,373.00","2,333.45","2,327.15","2,359.90","2,357.55","2,355.87","3,365.00","2,280.00","246,728","581,258,152.75","13,763"
21-Dec-2021,EQ,"2,335.00","2,361.15","2,315.60","2,313.60","2,329.90","2,327.15","2,341.03","3,365.00","2,280.00","182,979","428,359,847.75","14,796"
20-Dec-2021,EQ,"2,396.50","2,397.00","2,280.00","2,397.95","2,311.50","2,313.60","2,318.55","3,365.00","2,280.00","419,054","971,596,197.85","45,969"
17-Dec-2021,EQ,"2,435.00","2,447.90","2,378.30","2,437.75","2,406.95","2,397.95","2,398.11","3,365.00","2,378.30","1,227,058","2,942,616,649.05","41,737"
16-Dec-2021,EQ,"2,485.00","2,485.00","2,411.00","2,456.75","2,437.95","2,437.75","2,438.19","3,365.00","2,411.00","276,775","674,829,966.55","24,817"
15-Dec-2021,EQ,"2,489.00","2,498.00","2,451.00","2,487.20","2,455.40","2,456.75","2,468.75","3,365.00","2,425.20","211,591","522,364,747.65","21,918"
14-Dec-2021,EQ,"2,504.00","2,513.40","2,476.00","2,513.90","2,492.00","2,487.20","2,490.69","3,365.00","2,425.20","242,029","602,818,086.25","22,001"
13-Dec-2021,EQ,"2,569.95","2,569.95","2,510.00","2,549.75","2,523.00","2,513.90","2,536.45","3,365.00","2,425.20","321,340","815,061,915.20","26,667"
10-Dec-2021,EQ,"2,591.30","2,591.30","2,545.15","2,577.95","2,552.00","2,549.75","2,560.07","3,365.00","2,425.20","214,070","548,034,860.70","13,974"
09-Dec-2021,EQ,"2,590.00","2,591.85","2,551.55","2,569.80","2,579.65","2,577.95","2,571.25","3,365.00","2,425.20","137,736","354,154,189.25","13,501"
08-Dec-2021,EQ,"2,548.00","2,575.50","2,537.65","2,521.60","2,572.00","2,569.80","2,563.61","3,365.00","2,425.20","119,373","306,025,897.95","11,230"
07-Dec-2021,EQ,"2,542.00","2,554.95","2,517.00","2,527.95","2,525.00","2,521.60","2,527.90","3,365.00","2,425.20","225,961","571,205,826.35","15,788"
06-Dec-2021,EQ,"2,599.00","2,599.00","2,523.05","2,579.35","2,525.00","2,527.95","2,547.81","3,365.00","2,425.20","262,349","668,415,703.00","28,751"
03-Dec-2021,EQ,"2,535.25","2,621.50","2,535.25","2,556.70","2,581.15","2,579.35","2,580.70","3,365.00","2,425.20","473,810","1,222,761,801.85","46,698"
02-Dec-2021,EQ,"2,545.00","2,567.45","2,540.90","2,551.20","2,561.60","2,556.70","2,557.90","3,365.00","2,425.20","250,100","639,729,755.90","27,160"
01-Dec-2021,EQ,"2,544.00","2,554.95","2,518.15","2,511.30","2,550.00","2,551.20","2,545.82","3,365.00","2,425.20","228,822","582,540,390.90","16,803"
30-Nov-2021,EQ,"2,500.00","2,572.65","2,500.00","2,508.50","2,507.60","2,511.30","2,528.22","3,365.00","2,425.20","553,802","1,400,133,862.75","39,632"
29-Nov-2021,EQ,"2,487.30","2,527.00","2,425.20","2,512.95","2,501.00","2,508.50","2,486.67","3,365.00","2,425.20","471,574","1,172,647,320.55","35,635"
26-Nov-2021,EQ,"2,525.00","2,540.80","2,487.30","2,533.00","2,527.95","2,512.95","2,516.91","3,365.00","2,415.00","327,956","825,436,146.50","21,620"
25-Nov-2021,EQ,"2,548.00","2,548.00","2,522.05","2,538.90","2,539.00","2,533.00","2,532.95","3,365.00","2,415.00","360,634","913,467,983.05","15,163"
24-Nov-2021,EQ,"2,560.00","2,569.95","2,533.00","2,549.90","2,533.00","2,538.90","2,548.68","3,365.00","2,415.00","375,742","957,646,791.85","21,051"
23-Nov-2021,EQ,"2,510.00","2,596.95","2,480.40","2,510.50","2,549.60","2,549.90","2,530.02","3,365.00","2,415.00","408,561","1,033,667,775.85","21,770"
22-Nov-2021,EQ,"2,600.00","2,613.05","2,495.60","2,601.40","2,505.00","2,510.50","2,545.21","3,365.00","2,415.00","424,744","1,081,063,818.25","36,353"
18-Nov-2021,EQ,"2,650.00","2,656.30","2,589.90","2,647.65","2,604.00","2,601.40","2,616.41","3,365.00","2,400.05","316,439","827,934,105.95","30,430"
17-Nov-2021,EQ,"2,652.05","2,673.00","2,644.10","2,660.55","2,646.00","2,647.65","2,660.76","3,365.00","2,400.05","182,993","486,900,595.65","14,761"
16-Nov-2021,EQ,"2,688.00","2,688.00","2,655.00","2,680.75","2,658.85","2,660.55","2,671.86","3,365.00","2,400.05","147,832","394,986,368.05","15,230"
15-Nov-2021,EQ,"2,678.00","2,688.00","2,660.00","2,678.70","2,682.00","2,680.75","2,675.21","3,365.00","2,400.05","152,823","408,834,093.05","14,397"
12-Nov-2021,EQ,"2,659.95","2,685.00","2,653.25","2,647.95","2,676.30","2,678.70","2,673.06","3,365.00","2,398.00","135,309","361,689,455.00","12,139"
11-Nov-2021,EQ,"2,690.05","2,697.00","2,641.35","2,688.75","2,651.00","2,647.95","2,656.72","3,365.00","2,398.00","232,239","616,993,145.15","17,509"
10-Nov-2021,EQ,"2,672.90","2,699.00","2,660.00","2,672.90","2,690.00","2,688.75","2,681.93","3,365.00","2,398.00","216,744","581,291,326.25","17,061"
09-Nov-2021,EQ,"2,670.00","2,681.50","2,647.35","2,663.80","2,674.00","2,672.90","2,665.54","3,365.00","2,398.00","287,046","765,133,984.60","13,655"
08-Nov-2021,EQ,"2,678.50","2,678.50","2,640.25","2,654.95","2,666.00","2,663.80","2,656.40","3,365.00","2,398.00","290,013","770,389,561.40","20,472"
04-Nov-2021,EQ,"2,658.30","2,659.80","2,642.00","2,627.35","2,658.50","2,654.95","2,651.39","3,365.00","2,225.90","66,383","176,007,081.60","9,267"
03-Nov-2021,EQ,"2,652.10","2,669.95","2,621.00","2,665.00","2,628.00","2,627.35","2,642.77","3,365.00","2,225.90","391,877","1,035,638,953.60","36,390"
02-Nov-2021,EQ,"2,660.40","2,684.15","2,646.00","2,655.80","2,666.00","2,665.00","2,666.42","3,365.00","2,225.90","237,638","633,643,793.80","27,006"
01-Nov-2021,EQ,"2,660.00","2,665.00","2,630.45","2,647.20","2,658.00","2,655.80","2,652.91","3,365.00","2,225.90","172,039","456,404,685.25","18,904"
29-Oct-2021,EQ,"2,634.45","2,669.90","2,600.10","2,629.45","2,648.60","2,647.20","2,644.85","3,365.00","2,225.90","312,973","827,767,762.60","27,166"
28-Oct-2021,EQ,"2,701.25","2,713.95","2,621.00","2,701.25","2,627.00","2,629.45","2,663.36","3,365.00","2,225.90","506,165","1,348,100,600.50","45,558"
27-Oct-2021,EQ,"2,759.75","2,759.75","2,697.80","2,736.15","2,700.00","2,701.25","2,718.97","3,365.00","2,225.90","481,734","1,309,819,514.20","33,413"
26-Oct-2021,EQ,"2,728.00","2,770.00","2,679.60","2,768.70","2,739.00","2,736.15","2,716.57","3,365.00","2,225.90","775,280","2,106,104,849.85","61,902"
25-Oct-2021,EQ,"2,785.15","2,802.55","2,727.00","2,781.40","2,759.60","2,768.70","2,761.49","3,365.00","2,225.90","338,917","935,917,161.10","24,936"
22-Oct-2021,EQ,"2,850.00","2,867.00","2,766.45","2,842.25","2,788.00","2,781.40","2,809.02","3,365.00","2,225.90","500,002","1,404,517,907.70","40,034"
21-Oct-2021,EQ,"2,888.00","2,888.00","2,826.20","2,860.60","2,844.00","2,842.25","2,848.71","3,365.00","2,225.90","248,210","707,077,318.80","20,164"
20-Oct-2021,EQ,"2,900.00","2,913.60","2,848.15","2,904.65","2,865.00","2,860.60","2,872.10","3,365.00","2,225.90","302,847","869,807,391.10","26,993"
19-Oct-2021,EQ,"2,935.10","2,952.70","2,900.00","2,932.45","2,904.00","2,904.65","2,929.14","3,365.00","2,225.90","329,037","963,795,791.75","23,089"
18-Oct-2021,EQ,"2,979.00","2,979.00","2,930.10","2,950.15","2,931.25","2,932.45","2,949.76","3,365.00","2,225.90","307,747","907,780,156.85","24,851"
14-Oct-2021,EQ,"2,918.00","2,964.50","2,902.05","2,900.40","2,950.00","2,950.15","2,946.22","3,365.00","2,225.90","654,193","1,927,399,142.90","41,420"
13-Oct-2021,EQ,"2,910.00","2,920.00","2,898.35","2,906.85","2,900.00","2,900.40","2,907.54","3,365.00","2,225.90","198,056","575,856,207.25","15,653"
12-Oct-2021,EQ,"2,912.00","2,919.90","2,895.65","2,914.20","2,906.00","2,906.85","2,905.07","3,365.00","2,225.90","228,279","663,166,259.45","16,005"
11-Oct-2021,EQ,"2,907.70","2,920.95","2,894.00","2,893.75","2,914.65","2,914.20","2,913.02","3,365.00","2,225.90","284,235","827,982,604.05","22,970"
08-Oct-2021,EQ,"2,915.00","2,921.00","2,887.55","2,908.85","2,895.00","2,893.75","2,906.04","3,365.00","2,225.90","336,473","977,803,939.90","28,781"
07-Oct-2021,EQ,"2,905.20","2,920.50","2,905.00","2,894.50","2,914.40","2,908.85","2,912.15","3,365.00","2,225.90","288,775","840,956,278.20","17,467"
06-Oct-2021,EQ,"2,910.00","2,924.95","2,885.10","2,905.75","2,888.00","2,894.50","2,903.49","3,365.00","2,225.90","489,173","1,420,310,724.90","36,236"
05-Oct-2021,EQ,"2,908.55","2,924.40","2,900.05","2,908.55","2,908.90","2,905.75","2,911.80","3,365.00","2,225.90","755,420","2,199,630,591.40","31,760"
04-Oct-2021,EQ,"2,930.00","2,939.90","2,902.10","2,932.25","2,910.00","2,908.55","2,911.19","3,365.00","2,225.90","1,075,319","3,130,454,113.10","51,069"
01-Oct-2021,EQ,"2,898.50","2,948.65","2,881.10","2,908.60","2,932.00","2,932.25","2,918.82","3,365.00","2,127.75","528,417","1,542,354,301.60","38,544"
30-Sep-2021,EQ,"2,919.00","2,934.00","2,905.15","2,905.15","2,908.00","2,908.60","2,917.46","3,365.00","2,127.75","575,176","1,678,050,858.05","34,360"
29-Sep-2021,EQ,"2,910.00","2,936.80","2,875.65","3,074.35","2,904.95","2,905.15","2,901.30","3,365.00","2,127.75","7,338,287","21,290,595,226.15","201,399"
28-Sep-2021,EQ,"3,167.95","3,177.40","3,040.00","3,167.95","3,041.75","3,074.35","3,132.45","3,365.00","2,127.75","440,283","1,379,163,140.40","28,963"
27-Sep-2021,EQ,"3,230.00","3,238.00","3,150.00","3,208.20","3,159.95","3,167.95","3,186.33","3,365.00","2,127.75","325,812","1,038,143,720.20","22,209"
24-Sep-2021,EQ,"3,254.10","3,264.50","3,188.50","3,240.65","3,210.00","3,208.20","3,211.86","3,365.00","2,070.05","326,338","1,048,152,406.15","23,800"
23-Sep-2021,EQ,"3,225.00","3,292.00","3,225.00","3,213.10","3,228.00","3,240.65","3,247.86","3,365.00","2,070.05","340,496","1,105,881,867.20","21,341"
22-Sep-2021,EQ,"3,201.00","3,240.00","3,163.00","3,203.95","3,215.00","3,213.10","3,197.37","3,365.00","2,070.05","301,230","963,143,413.25","28,410"
21-Sep-2021,EQ,"3,210.00","3,233.00","3,151.90","3,217.75","3,201.00","3,203.95","3,193.45","3,365.00","2,070.05","219,468","700,859,657.35","19,269"
20-Sep-2021,EQ,"3,255.00","3,259.95","3,152.05","3,268.80","3,220.00","3,217.75","3,216.83","3,365.00","2,070.05","620,651","1,996,529,863.00","30,636"
17-Sep-2021,EQ,"3,298.00","3,325.00","3,232.10","3,288.95","3,259.95","3,268.80","3,271.98","3,365.00","2,070.05","491,747","1,608,988,655.90","32,118"
16-Sep-2021,EQ,"3,259.00","3,300.00","3,201.75","3,255.80","3,294.00","3,288.95","3,272.00","3,365.00","2,070.05","282,130","923,128,411.80","23,608"
15-Sep-2021,EQ,"3,278.00","3,291.65","3,228.95","3,268.90","3,270.00","3,255.80","3,250.39","3,365.00","2,070.05","335,701","1,091,158,355.80","26,737"
14-Sep-2021,EQ,"3,314.00","3,338.00","3,255.00","3,302.05","3,268.00","3,268.90","3,296.58","3,365.00","2,070.05","298,333","983,477,291.75","25,372"
13-Sep-2021,EQ,"3,258.50","3,316.00","3,158.40","3,248.40","3,298.05","3,302.05","3,263.84","3,365.00","2,070.05","595,412","1,943,328,002.45","51,294"
09-Sep-2021,EQ,"3,295.45","3,365.00","3,221.85","3,267.65","3,243.00","3,248.40","3,295.13","3,365.00","2,070.05","1,264,083","4,165,320,082.60","99,027"
08-Sep-2021,EQ,"3,139.40","3,299.00","3,125.75","3,125.40","3,296.00","3,267.65","3,235.04","3,358.90","2,070.05","817,014","2,643,075,588.70","58,135"
07-Sep-2021,EQ,"3,210.00","3,210.00","3,100.10","3,188.75","3,129.90","3,125.40","3,145.32","3,358.90","2,070.05","266,529","838,319,581.85","25,831"
06-Sep-2021,EQ,"3,197.00","3,262.60","3,151.00","3,164.15","3,180.00","3,188.75","3,202.57","3,358.90","2,070.05","537,741","1,722,155,432.25","43,692"
03-Sep-2021,EQ,"3,109.00","3,199.00","3,082.05","3,111.10","3,197.00","3,164.15","3,138.94","3,358.90","2,070.05","429,455","1,348,031,617.65","27,078"
02-Sep-2021,EQ,"3,100.00","3,127.00","3,097.50","3,097.95","3,111.00","3,111.10","3,109.51","3,358.90","2,070.05","200,314","622,878,148.75","11,189"
01-Sep-2021,EQ,"3,076.00","3,110.95","3,052.05","3,074.30","3,100.00","3,097.95","3,091.21","3,358.90","2,070.05","303,442","938,004,112.30","17,941"
31-Aug-2021,EQ,"3,070.00","3,084.00","3,043.00","3,061.90","3,074.50","3,074.30","3,068.70","3,358.90","2,070.05","398,418","1,222,624,749.30","19,688"
30-Aug-2021,EQ,"3,059.00","3,093.00","3,040.95","3,030.30","3,064.00","3,061.90","3,065.32","3,358.90","2,070.05","402,042","1,232,386,047.55","23,887"
27-Aug-2021,EQ,"2,980.00","3,053.00","2,967.20","2,977.60","3,038.00","3,030.30","3,023.40","3,358.90","2,070.05","474,783","1,435,460,338.70","32,500"
26-Aug-2021,EQ,"2,965.00","2,987.70","2,956.95","2,959.80","2,970.00","2,977.60","2,973.09","3,358.90","2,070.05","188,007","558,962,596.20","14,682"
25-Aug-2021,EQ,"2,926.05","2,975.00","2,926.00","2,922.35","2,964.00","2,959.80","2,953.32","3,358.90","2,070.05","210,493","621,652,802.75","16,001"
24-Aug-2021,EQ,"2,915.00","2,938.00","2,890.85","2,906.05","2,932.00","2,922.35","2,915.50","3,358.90","2,070.05","114,373","333,454,138.80","9,448"
23-Aug-2021,EQ,"2,959.30","2,959.30","2,851.85","2,938.20","2,899.00","2,906.05","2,894.68","3,358.90","2,070.05","350,678","1,015,098,907.35","27,290"
20-Aug-2021,EQ,"2,930.00","2,960.00","2,915.00","2,995.90","2,915.00","2,938.20","2,937.46","3,358.90","2,070.05","246,206","723,219,529.50","24,979"
18-Aug-2021,EQ,"2,997.00","3,025.00","2,961.55","2,977.75","2,980.00","2,995.90","2,998.82","3,358.90","2,070.05","333,973","1,001,526,580.70","23,838"
17-Aug-2021,EQ,"2,949.00","2,985.20","2,924.00","2,949.60","2,966.70","2,977.75","2,967.42","3,358.90","2,070.05","211,390","627,283,828.40","19,851"
16-Aug-2021,EQ,"2,922.20","2,962.00","2,890.00","2,939.55","2,945.50","2,949.60","2,932.81","3,358.90","2,070.05","155,172","455,090,344.30","15,187"
13-Aug-2021,EQ,"2,971.00","2,994.20","2,930.65","2,970.60","2,938.00","2,939.55","2,962.06","3,358.90","2,070.05","113,956","337,544,308.40","12,670"
12-Aug-2021,EQ,"2,939.00","2,973.95","2,925.05","2,946.25","2,966.05","2,970.60","2,960.58","3,358.90","2,070.05","181,456","537,214,110.25","10,278"
11-Aug-2021,EQ,"2,994.10","3,001.60","2,863.75","2,984.40","2,939.00","2,946.25","2,918.59","3,358.90","2,070.05","428,794","1,251,475,475.40","34,697"
10-Aug-2021,EQ,"2,974.95","2,989.00","2,942.50","2,968.95","2,983.90","2,984.40","2,972.49","3,358.90","2,070.05","373,909","1,111,440,781.55","26,088"
09-Aug-2021,EQ,"2,950.00","2,980.00","2,931.15","2,923.05","2,966.00","2,968.95","2,962.84","3,358.90","2,070.05","454,639","1,347,021,717.80","27,722"
06-Aug-2021,EQ,"2,925.00","2,929.00","2,898.00","2,925.30","2,926.00","2,923.05","2,915.95","3,358.90","2,070.05","134,904","393,373,750.65","9,550"
05-Aug-2021,EQ,"2,934.90","2,934.90","2,860.05","2,921.10","2,925.00","2,925.30","2,905.24","3,358.90","2,070.05","210,561","611,730,798.40","15,588"
04-Aug-2021,EQ,"2,915.00","2,939.35","2,900.30","2,901.80","2,918.00","2,921.10","2,925.67","3,358.90","2,070.05","310,294","907,817,173.80","21,831"
03-Aug-2021,EQ,"2,871.00","2,911.50","2,855.30","2,871.55","2,900.00","2,901.80","2,885.00","3,358.90","2,070.05","192,754","556,095,079.50","13,203"
02-Aug-2021,EQ,"2,890.00","2,894.00","2,833.15","2,854.15","2,871.00","2,871.55","2,859.32","3,358.90","2,070.05","242,971","694,731,189.25","18,390"
30-Jul-2021,EQ,"2,826.90","2,860.00","2,821.00","2,826.65","2,857.00","2,854.15","2,844.16","3,358.90","2,070.05","225,152","640,367,421.20","18,436"
29-Jul-2021,EQ,"2,842.00","2,854.95","2,810.05","2,827.10","2,833.10","2,826.65","2,829.45","3,358.90","2,070.05","161,895","458,073,844.40","16,554"
28-Jul-2021,EQ,"2,887.00","2,887.00","2,815.00","2,864.25","2,830.00","2,827.10","2,834.67","3,358.90","2,070.05","212,639","602,761,447.55","20,227"
27-Jul-2021,EQ,"2,874.00","2,889.75","2,825.00","2,868.75","2,864.05","2,864.25","2,865.82","3,358.90","2,070.05","154,117","441,672,292.65","18,531"
26-Jul-2021,EQ,"2,899.60","2,900.50","2,860.30","2,899.60","2,866.95","2,868.75","2,877.89","3,358.90","2,070.05","193,067","555,626,001.20","22,284"
23-Jul-2021,EQ,"2,891.00","2,911.85","2,883.00","2,885.75","2,901.00","2,899.60","2,899.70","3,358.90","2,070.05","236,653","686,223,195.65","17,669"
22-Jul-2021,EQ,"2,897.95","2,920.00","2,865.25","2,877.65","2,879.85","2,885.75","2,887.43","3,358.90","2,070.05","530,450","1,531,635,446.60","31,402"
20-Jul-2021,EQ,"2,981.00","2,981.00","2,865.30","2,992.25","2,874.45","2,877.65","2,905.14","3,358.90","2,070.05","719,896","2,091,397,023.90","76,653"
19-Jul-2021,EQ,"3,050.00","3,050.00","2,971.00","3,094.45","2,992.00","2,992.25","3,000.69","3,358.90","2,070.05","758,422","2,275,790,385.70","70,482"
16-Jul-2021,EQ,"3,128.00","3,289.00","3,060.60","3,086.15","3,064.00","3,094.45","3,180.52","3,358.90","2,070.05","3,421,311","10,881,535,393.35","214,523"
15-Jul-2021,EQ,"2,965.00","3,097.00","2,952.00","2,957.05","3,095.30","3,086.15","3,048.74","3,358.90","2,070.05","829,147","2,527,854,592.25","57,771"
14-Jul-2021,EQ,"2,935.00","2,962.00","2,930.50","2,937.45","2,957.00","2,957.05","2,948.94","3,358.90","2,070.05","125,421","369,859,395.50","16,705"
13-Jul-2021,EQ,"2,957.00","2,965.00","2,920.10","2,935.35","2,936.80","2,937.45","2,933.62","3,358.90","2,070.05","115,303","338,255,536.35","8,169"
12-Jul-2021,EQ,"2,926.90","2,968.95","2,926.90","2,920.95","2,939.35","2,935.35","2,940.19","3,358.90","2,070.05","185,109","544,255,579.60","15,909"
09-Jul-2021,EQ,"2,948.55","2,948.55","2,900.00","2,934.70","2,927.95","2,920.95","2,913.67","3,358.90","2,070.05","138,907","404,729,121.55","15,849"
08-Jul-2021,EQ,"2,903.00","2,954.00","2,896.05","2,898.65","2,935.00","2,934.70","2,933.70","3,358.90","2,070.05","318,520","934,442,280.10","23,762"
07-Jul-2021,EQ,"2,898.00","2,914.60","2,890.00","2,886.15","2,899.00","2,898.65","2,900.80","3,358.90","2,070.05","102,033","295,977,125.50","11,665"
06-Jul-2021,EQ,"2,871.00","2,934.80","2,871.00","2,877.80","2,886.00","2,886.15","2,906.79","3,358.90","2,070.05","231,432","672,724,292.30","21,397"
05-Jul-2021,EQ,"2,885.00","2,905.00","2,870.00","2,875.60","2,876.00","2,877.80","2,883.00","3,358.90","2,070.05","137,236","395,651,113.35","17,874"
02-Jul-2021,EQ,"2,894.60","2,914.95","2,867.55","2,894.60","2,875.00","2,875.60","2,880.86","3,358.90","2,070.05","209,847","604,539,882.75","18,853"
01-Jul-2021,EQ,"2,920.05","2,927.95","2,889.55","2,917.45","2,895.00","2,894.60","2,898.40","3,358.90","2,070.05","144,007","417,389,813.45","18,208"
30-Jun-2021,EQ,"2,963.00","2,963.00","2,912.65","2,944.00","2,916.00","2,917.45","2,924.15","3,358.90","2,070.05","200,329","585,793,005.75","20,813"
29-Jun-2021,EQ,"2,943.00","2,976.90","2,930.00","2,973.15","2,944.95","2,944.00","2,947.95","3,358.90","2,070.05","226,803","668,603,701.20","24,481"
28-Jun-2021,EQ,"3,000.00","3,020.00","2,954.95","2,985.30","2,975.00","2,973.15","2,983.34","3,358.90","2,070.05","191,839","572,321,462.55","21,347"
25-Jun-2021,EQ,"2,947.00","3,000.00","2,934.65","2,934.55","2,984.00","2,985.30","2,976.82","3,358.90","2,070.05","182,970","544,668,884.30","16,480"
24-Jun-2021,EQ,"2,950.00","2,970.00","2,916.90","2,946.80","2,935.00","2,934.55","2,941.71","3,358.90","2,070.05","119,866","352,611,377.35","15,263"
23-Jun-2021,EQ,"2,981.00","2,986.90","2,936.20","2,961.15","2,953.00","2,946.80","2,961.83","3,358.90","2,070.05","117,904","349,211,757.65","17,194"
22-Jun-2021,EQ,"2,999.00","3,004.95","2,953.50","2,973.25","2,961.00","2,961.15","2,978.73","3,358.90","2,070.05","113,602","338,390,119.00","21,011"
21-Jun-2021,EQ,"2,922.00","2,985.00","2,908.05","2,945.00","2,976.80","2,973.25","2,954.63","3,358.90","2,070.05","129,363","382,219,316.60","19,071"
18-Jun-2021,EQ,"3,012.30","3,029.00","2,920.00","3,012.30","2,955.00","2,945.00","2,956.81","3,358.90","2,070.05","310,441","917,916,050.80","31,071"
17-Jun-2021,EQ,"3,025.00","3,029.95","2,984.00","3,055.40","3,010.00","3,012.30","3,004.79","3,358.90","2,070.05","181,349","544,915,516.95","21,612"
16-Jun-2021,EQ,"3,085.90","3,089.90","3,045.05","3,083.75","3,050.70","3,055.40","3,061.77","3,358.90","2,070.05","105,013","321,525,149.00","13,745"
15-Jun-2021,EQ,"3,098.90","3,119.80","3,070.95","3,085.05","3,078.00","3,083.75","3,095.80","3,358.90","2,070.05","149,903","464,069,909.45","14,776"
14-Jun-2021,EQ,"3,094.90","3,094.90","3,015.25","3,093.00","3,081.00","3,085.05","3,073.86","3,358.90","2,070.05","121,196","372,539,845.75","12,409"
11-Jun-2021,EQ,"3,080.10","3,105.00","3,041.00","3,077.75","3,082.00","3,093.00","3,085.51","3,358.90","2,070.05","280,663","865,987,178.40","22,377"
10-Jun-2021,EQ,"3,030.00","3,114.80","3,015.75","3,029.70","3,072.10","3,077.75","3,072.88","3,358.90","2,070.05","382,533","1,175,477,705.15","32,899"
09-Jun-2021,EQ,"3,077.00","3,087.60","3,010.00","3,069.05","3,026.00","3,029.70","3,046.32","3,358.90","2,070.05","212,418","647,093,390.90","15,412"
08-Jun-2021,EQ,"3,050.00","3,134.00","3,050.00","3,032.70","3,070.10","3,069.05","3,097.48","3,358.90","2,070.05","537,456","1,664,759,053.50","44,745"
07-Jun-2021,EQ,"3,068.00","3,069.95","3,004.00","3,067.60","3,039.00","3,032.70","3,028.89","3,358.90","2,070.05","142,526","431,696,132.10","17,392"
04-Jun-2021,EQ,"3,079.00","3,100.00","3,060.00","3,051.10","3,065.90","3,067.60","3,077.70","3,358.90","2,070.05","223,282","687,194,088.40","16,965"
03-Jun-2021,EQ,"3,045.00","3,080.00","3,016.05","3,014.60","3,050.00","3,051.10","3,046.26","3,358.90","2,070.05","290,567","885,141,278.20","19,460"
02-Jun-2021,EQ,"2,965.00","3,024.00","2,965.00","2,964.90","3,022.00","3,014.60","3,007.92","3,358.90","2,070.05","369,058","1,110,095,603.25","25,151"
01-Jun-2021,EQ,"2,985.00","3,012.00","2,952.05","2,982.15","2,965.00","2,964.90","2,981.46","3,358.90","2,070.05","198,733","592,513,941.55","20,204"
31-May-2021,EQ,"2,984.95","3,012.00","2,932.10","2,969.75","2,965.00","2,982.15","2,978.88","3,358.90","2,070.05","360,601","1,074,186,615.40","25,465"
28-May-2021,EQ,"2,865.00","2,981.95","2,865.00","2,839.80","2,979.95","2,969.75","2,947.52","3,358.90","2,070.05","934,408","2,754,184,338.60","54,307"
27-May-2021,EQ,"2,831.00","2,865.00","2,800.00","2,819.95","2,860.15","2,839.80","2,831.92","3,358.90","2,070.05","261,342","740,100,259.40","17,066"
26-May-2021,EQ,"2,825.50","2,835.00","2,815.00","2,824.95","2,820.00","2,819.95","2,824.70","3,358.90","2,070.05","87,468","247,070,572.75","9,139"
25-May-2021,EQ,"2,835.10","2,838.00","2,813.05","2,821.20","2,824.65","2,824.95","2,822.26","3,358.90","2,070.05","133,553","376,921,181.40","10,405"
24-May-2021,EQ,"2,820.00","2,829.35","2,790.15","2,813.60","2,820.00","2,821.20","2,810.55","3,358.90","2,070.05","122,041","343,002,304.70","12,900"
21-May-2021,EQ,"2,829.00","2,833.80","2,800.05","2,812.90","2,815.00","2,813.60","2,815.59","3,358.90","2,070.05","130,135","366,407,033.15","11,095"
20-May-2021,EQ,"2,848.00","2,859.00","2,809.00","2,848.50","2,821.95","2,812.90","2,823.67","3,358.90","2,070.05","121,818","343,974,252.70","14,319"
19-May-2021,EQ,"2,821.00","2,869.00","2,819.95","2,835.05","2,844.00","2,848.50","2,850.87","3,358.90","2,070.05","133,667","381,067,366.90","11,158"
18-May-2021,EQ,"2,842.20","2,844.70","2,817.70","2,822.15","2,833.00","2,835.05","2,832.25","3,358.90","2,070.05","154,842","438,551,270.20","10,265"
17-May-2021,EQ,"2,795.00","2,835.00","2,793.20","2,799.45","2,830.00","2,822.15","2,819.49","3,358.90","2,070.05","141,860","399,972,654.50","10,554"
14-May-2021,EQ,"2,827.00","2,840.80","2,786.00","2,814.85","2,801.00","2,799.45","2,805.41","3,358.90","2,070.05","171,158","480,169,086.20","12,569"
12-May-2021,EQ,"2,790.00","2,833.85","2,764.60","2,796.10","2,818.00","2,814.85","2,806.48","3,358.90","2,070.05","233,169","654,383,865.45","17,751"
11-May-2021,EQ,"2,794.60","2,820.20","2,760.10","2,794.60","2,791.05","2,796.10","2,795.80","3,358.90","2,070.05","240,617","672,718,188.40","16,876"
10-May-2021,EQ,"2,720.00","2,804.35","2,720.00","2,718.65","2,800.00","2,794.60","2,759.68","3,358.90","2,070.05","627,361","1,731,317,488.30","29,975"
07-May-2021,EQ,"2,739.00","2,749.00","2,699.65","2,732.15","2,720.00","2,718.65","2,718.32","3,358.90","2,070.05","420,702","1,143,602,316.80","54,314"
06-May-2021,EQ,"2,735.00","2,768.00","2,725.00","2,729.95","2,733.00","2,732.15","2,740.15","3,358.90","2,070.05","276,736","758,298,736.35","27,413"
05-May-2021,EQ,"2,728.00","2,750.00","2,715.05","2,728.35","2,734.95","2,729.95","2,728.39","3,358.90","2,070.05","195,994","534,748,549.80","19,249"
04-May-2021,EQ,"2,755.00","2,789.50","2,724.00","2,753.95","2,730.00","2,728.35","2,758.59","3,358.90","2,070.05","282,871","780,324,797.55","34,317"
03-May-2021,EQ,"2,769.10","2,771.85","2,735.75","2,776.35","2,755.00","2,753.95","2,754.83","3,358.90","2,070.05","249,016","685,995,779.55","37,677"
30-Apr-2021,EQ,"2,779.00","2,825.00","2,757.05","2,792.20","2,774.65","2,776.35","2,793.69","3,358.90","2,070.05","326,476","912,073,770.25","25,985"
29-Apr-2021,EQ,"2,854.00","2,855.00","2,780.20","2,806.00","2,789.00","2,792.20","2,804.41","3,358.90","2,070.05","297,386","833,991,117.55","27,829"
28-Apr-2021,EQ,"2,852.90","2,854.90","2,778.20","2,865.15","2,808.95","2,806.00","2,808.10","3,358.90","2,070.05","624,328","1,753,174,314.30","34,912"
27-Apr-2021,EQ,"2,839.00","2,880.00","2,838.00","2,832.40","2,866.70","2,865.15","2,864.99","3,358.90","2,070.05","250,086","716,494,698.25","21,420"
26-Apr-2021,EQ,"2,858.00","2,858.00","2,813.00","2,822.40","2,835.00","2,832.40","2,834.30","3,358.90","2,070.05","124,493","352,849,927.05","16,182"
23-Apr-2021,EQ,"2,777.00","2,845.00","2,777.00","2,783.35","2,819.00","2,822.40","2,822.20","3,358.90","2,070.05","256,696","724,446,530.15","22,730"
22-Apr-2021,EQ,"2,772.00","2,848.00","2,772.00","2,790.90","2,788.50","2,783.35","2,805.50","3,358.90","2,070.05","265,533","744,951,736.60","20,892"
20-Apr-2021,EQ,"2,834.00","2,855.00","2,775.00","2,819.35","2,800.00","2,790.90","2,809.72","3,358.90","2,070.05","236,066","663,278,361.45","19,168"
19-Apr-2021,EQ,"2,850.00","2,871.00","2,803.00","2,929.80","2,818.35","2,819.35","2,832.54","3,358.90","2,070.05","219,420","621,515,459.30","20,819"
16-Apr-2021,EQ,"2,945.00","2,977.00","2,922.90","2,949.50","2,928.00","2,929.80","2,944.46","3,358.90","2,070.05","116,436","342,841,035.95","11,695"
15-Apr-2021,EQ,"2,855.25","2,959.00","2,855.25","2,873.00","2,943.50","2,949.50","2,919.99","3,358.90","2,070.05","314,438","918,156,400.65","31,139"
13-Apr-2021,EQ,"2,842.00","2,890.00","2,827.00","2,844.70","2,881.00","2,873.00","2,858.49","3,358.90","2,070.05","190,538","544,651,408.35","13,532"
12-Apr-2021,EQ,"2,880.00","2,915.00","2,756.00","2,951.95","2,860.00","2,844.70","2,832.02","3,358.90","2,070.05","330,160","935,019,798.95","30,467"
09-Apr-2021,EQ,"3,010.00","3,050.10","2,941.60","3,005.40","2,964.00","2,951.95","2,983.24","3,358.90","2,070.05","359,984","1,073,920,274.35","28,528"
08-Apr-2021,EQ,"2,908.00","3,042.00","2,892.85","2,899.30","3,005.05","3,005.40","2,972.78","3,358.90","2,070.05","462,533","1,375,007,613.60","36,757"
07-Apr-2021,EQ,"2,870.00","2,930.35","2,857.10","2,882.90","2,895.00","2,899.30","2,902.94","3,358.90","2,070.05","247,720","719,115,895.75","34,232"
06-Apr-2021,EQ,"2,910.00","2,915.00","2,840.00","2,902.35","2,879.95","2,882.90","2,870.78","3,358.90","2,070.05","257,324","738,720,975.85","19,685"
05-Apr-2021,EQ,"2,936.50","2,947.70","2,851.00","2,963.35","2,900.00","2,902.35","2,895.64","3,358.90","2,070.05","148,725","430,654,550.55","13,786"
01-Apr-2021,EQ,"2,935.00","2,975.00","2,891.15","2,919.00","2,955.00","2,963.35","2,935.26","3,358.90","1,970.00","121,493","356,614,063.65","12,564"
31-Mar-2021,EQ,"2,885.10","2,974.00","2,875.00","2,892.25","2,917.80","2,919.00","2,936.18","3,358.90","1,970.00","251,080","737,215,901.15","21,517"
30-Mar-2021,EQ,"2,860.00","2,912.00","2,860.00","2,854.35","2,901.00","2,892.25","2,895.61","3,358.90","1,970.00","180,923","523,882,861.60","14,662"
26-Mar-2021,EQ,"2,816.20","2,865.25","2,816.20","2,808.00","2,860.00","2,854.35","2,848.65","3,358.90","1,962.00","185,010","527,028,400.50","15,549"
25-Mar-2021,EQ,"2,845.00","2,845.00","2,782.90","2,848.80","2,813.95","2,808.00","2,809.56","3,358.90","1,962.00","228,820","642,882,968.45","20,110"
24-Mar-2021,EQ,"2,880.00","2,918.40","2,837.00","2,896.40","2,850.00","2,848.80","2,878.48","3,358.90","1,962.00","209,096","601,879,344.15","17,968"
23-Mar-2021,EQ,"2,909.00","2,940.00","2,880.00","2,882.55","2,882.10","2,896.40","2,902.68","3,358.90","1,962.00","180,653","524,378,521.10","14,166"
22-Mar-2021,EQ,"2,889.00","2,890.00","2,850.65","2,871.00","2,883.00","2,882.55","2,874.36","3,358.90","1,962.00","158,775","456,376,004.10","14,781"
19-Mar-2021,EQ,"2,826.00","2,930.50","2,772.75","2,845.60","2,862.95","2,871.00","2,860.82","3,358.90","1,962.00","407,477","1,165,719,006.15","30,754"
18-Mar-2021,EQ,"2,940.00","2,944.70","2,838.00","2,914.30","2,847.00","2,845.60","2,877.87","3,358.90","1,962.00","254,337","731,947,735.40","35,002"
17-Mar-2021,EQ,"2,974.00","2,987.30","2,903.90","2,974.35","2,915.00","2,914.30","2,934.85","3,358.90","1,962.00","179,186","525,883,486.15","21,116"
16-Mar-2021,EQ,"3,004.05","3,029.95","2,965.25","3,005.80","2,973.00","2,974.35","2,985.22","3,358.90","1,962.00","153,523","458,300,397.25","19,285"
15-Mar-2021,EQ,"3,063.20","3,087.00","2,935.00","3,063.20","3,005.00","3,005.80","2,995.94","3,358.90","1,962.00","242,623","726,883,634.15","22,775"
12-Mar-2021,EQ,"3,118.50","3,153.80","3,050.00","3,118.50","3,057.90","3,063.20","3,111.22","3,358.90","1,962.00","227,797","708,725,598.50","18,546"
10-Mar-2021,EQ,"3,180.00","3,189.00","3,110.05","3,151.65","3,120.00","3,118.50","3,132.97","3,358.90","1,962.00","149,911","469,667,266.15","13,949"
09-Mar-2021,EQ,"3,178.00","3,247.25","3,145.35","3,150.00","3,148.95","3,151.65","3,202.34","3,358.90","1,962.00","545,769","1,747,736,770.50","40,329"
08-Mar-2021,EQ,"3,174.00","3,194.95","3,138.30","3,137.80","3,150.00","3,150.00","3,159.49","3,358.90","1,962.00","154,117","486,930,945.10","14,834"
05-Mar-2021,EQ,"3,152.85","3,209.80","3,115.00","3,154.40","3,151.00","3,137.80","3,158.98","3,358.90","1,962.00","378,620","1,196,051,899.25","31,196"
04-Mar-2021,EQ,"3,130.00","3,227.80","3,120.00","3,188.90","3,153.90","3,154.40","3,176.75","3,358.90","1,962.00","484,577","1,539,380,391.40","38,717"
03-Mar-2021,EQ,"2,950.00","3,220.00","2,934.00","2,934.10","3,189.50","3,188.90","3,135.67","3,358.90","1,962.00","1,461,732","4,583,504,085.80","95,789"
02-Mar-2021,EQ,"2,950.00","2,954.95","2,892.05","2,938.75","2,938.00","2,934.10","2,926.29","3,358.90","1,962.00","190,913","558,666,260.95","18,348"
01-Mar-2021,EQ,"2,935.00","2,980.00","2,930.00","2,937.00","2,937.30","2,938.75","2,947.29","3,358.90","1,962.00","126,968","374,211,616.25","11,305"
26-Feb-2021,EQ,"2,925.00","2,985.00","2,896.05","2,951.95","2,915.05","2,937.00","2,941.15","3,389.95","1,962.00","345,400","1,015,871,569.75","24,365"
25-Feb-2021,EQ,"2,930.00","2,965.00","2,930.00","2,925.85","2,964.70","2,951.95","2,947.35","3,389.95","1,962.00","253,631","747,539,009.10","15,293"
24-Feb-2021,EQ,"2,915.35","2,959.95","2,915.35","2,882.80","2,920.10","2,925.85","2,942.40","3,389.95","1,962.00","175,465","516,288,447.60","17,629"
23-Feb-2021,EQ,"2,887.60","2,929.95","2,864.05","2,869.05","2,883.85","2,882.80","2,891.35","3,389.95","1,962.00","145,368","420,309,931.95","21,030"
22-Feb-2021,EQ,"2,930.10","2,957.55","2,855.00","2,934.25","2,857.20","2,869.05","2,894.22","3,389.95","1,962.00","151,270","437,808,323.75","18,655"
19-Feb-2021,EQ,"2,980.00","2,998.35","2,902.20","2,974.35","2,930.00","2,934.25","2,954.11","3,446.60","1,962.00","144,684","427,412,250.40","14,468"
18-Feb-2021,EQ,"2,996.00","3,013.85","2,959.00","2,986.70","2,979.00","2,974.35","2,981.06","3,446.60","1,962.00","188,345","561,467,363.70","16,957"
17-Feb-2021,EQ,"3,000.10","3,024.00","2,978.10","3,000.55","2,979.00","2,986.70","3,001.73","3,446.60","1,962.00","184,607","554,140,449.90","15,776"
16-Feb-2021,EQ,"3,019.95","3,048.00","2,981.00","3,005.20","2,997.15","3,000.55","3,012.76","3,446.60","1,962.00","189,278","570,249,598.10","16,918"
15-Feb-2021,EQ,"3,007.00","3,047.00","3,000.00","2,998.40","3,010.00","3,005.20","3,024.54","3,446.60","1,962.00","167,365","506,202,566.25","17,309"
12-Feb-2021,EQ,"2,990.10","3,026.70","2,975.45","2,979.40","2,992.55","2,998.40","3,001.58","3,446.60","1,962.00","188,575","566,022,682.95","20,580"
11-Feb-2021,EQ,"3,002.95","3,015.00","2,975.00","2,999.30","2,980.00","2,979.40","2,990.11","3,446.60","1,962.00","193,061","577,274,103.40","15,198"
10-Feb-2021,EQ,"2,998.65","3,029.00","2,984.00","3,010.30","3,003.00","2,999.30","3,005.38","3,446.60","1,962.00","222,359","668,272,685.85","21,453"
09-Feb-2021,EQ,"3,095.90","3,108.95","2,991.95","3,086.70","3,014.00","3,010.30","3,057.26","3,446.60","1,962.00","312,441","955,212,556.25","29,173"
08-Feb-2021,EQ,"2,984.00","3,094.00","2,972.10","2,966.80","3,088.00","3,086.70","3,054.71","3,446.60","1,962.00","291,684","891,009,570.55","28,904"
05-Feb-2021,EQ,"3,025.55","3,051.10","2,934.45","3,022.65","2,965.65","2,966.80","2,981.65","3,446.60","1,962.00","242,841","724,067,013.60","21,978"
04-Feb-2021,EQ,"3,025.00","3,069.00","3,002.60","3,025.20","3,025.00","3,022.65","3,029.65","3,446.60","1,962.00","289,299","876,475,870.10","21,457"
03-Feb-2021,EQ,"3,000.00","3,074.10","2,961.45","2,977.40","3,031.00","3,025.20","3,032.79","3,446.60","1,962.00","357,290","1,083,586,426.45","26,864"
02-Feb-2021,EQ,"2,999.40","3,037.00","2,950.00","2,955.90","2,979.00","2,977.40","2,983.29","3,446.60","1,962.00","212,746","634,682,747.80","23,161"
01-Feb-2021,EQ,"2,890.10","2,985.00","2,843.45","2,876.55","2,964.70","2,955.90","2,905.09","3,446.60","1,962.00","449,714","1,306,459,406.85","35,965"
29-Jan-2021,EQ,"2,938.10","2,960.20","2,852.15","2,920.85","2,884.85","2,876.55","2,904.02","3,446.60","1,962.00","346,133","1,005,177,473.25","23,031"
28-Jan-2021,EQ,"2,895.00","2,940.00","2,877.55","2,919.45","2,934.00","2,920.85","2,911.34","3,446.60","1,962.00","219,708","639,644,249.65","23,201"
27-Jan-2021,EQ,"2,954.45","2,973.60","2,891.70","2,953.15","2,900.00","2,919.45","2,927.34","3,446.60","1,962.00","333,423","976,042,261.60","30,602"
25-Jan-2021,EQ,"3,101.00","3,119.75","2,925.05","3,101.00","2,954.45","2,953.15","2,978.41","3,446.60","1,962.00","614,840","1,831,246,028.20","59,460"
22-Jan-2021,EQ,"3,100.05","3,133.45","3,071.05","3,097.60","3,101.00","3,101.00","3,103.16","3,446.60","1,962.00","378,573","1,174,771,565.60","27,920"
21-Jan-2021,EQ,"3,207.00","3,207.00","3,077.95","3,207.00","3,109.00","3,097.60","3,127.53","3,446.60","1,962.00","590,499","1,846,805,725.90","44,933"
20-Jan-2021,EQ,"3,208.00","3,243.05","3,180.00","3,204.60","3,209.00","3,207.00","3,210.82","3,446.60","1,962.00","210,673","676,432,838.10","19,184"
19-Jan-2021,EQ,"3,190.10","3,226.00","3,161.00","3,185.85","3,207.00","3,204.60","3,193.60","3,446.60","1,962.00","291,562","931,133,533.00","30,525"
18-Jan-2021,EQ,"3,244.00","3,290.90","3,157.45","3,244.40","3,175.00","3,185.85","3,206.52","3,446.60","1,962.00","325,098","1,042,433,687.10","27,470"
15-Jan-2021,EQ,"3,338.00","3,358.90","3,225.05","3,315.20","3,247.70","3,244.40","3,294.83","3,446.60","1,962.00","442,190","1,456,941,020.65","35,333"
14-Jan-2021,EQ,"3,259.00","3,339.95","3,245.00","3,245.90","3,325.00","3,315.20","3,304.14","3,446.60","1,962.00","435,489","1,438,917,150.80","37,711"
13-Jan-2021,EQ,"3,220.00","3,258.95","3,173.20","3,212.60","3,246.00","3,245.90","3,228.81","3,446.60","1,962.00","440,477","1,422,214,839.30","35,069"
12-Jan-2021,EQ,"3,182.45","3,235.00","3,162.10","3,182.45","3,216.30","3,212.60","3,211.68","3,446.60","1,962.00","274,537","881,725,647.45","31,733"
11-Jan-2021,EQ,"3,150.00","3,195.95","3,137.85","3,137.85","3,183.00","3,182.45","3,170.68","3,446.60","1,962.00","338,546","1,073,420,721.40","34,536"
08-Jan-2021,EQ,"3,063.00","3,145.00","3,053.15","3,063.15","3,130.00","3,137.85","3,106.98","3,446.60","1,962.00","468,406","1,455,328,342.35","40,252"
07-Jan-2021,EQ,"3,119.75","3,122.90","3,028.20","3,099.80","3,060.00","3,063.15","3,064.32","3,446.60","1,962.00","334,927","1,026,322,929.90","24,831"
06-Jan-2021,EQ,"3,119.10","3,138.95","3,052.50","3,091.95","3,105.85","3,099.80","3,103.19","3,446.60","1,962.00","366,690","1,137,908,596.30","25,319"
05-Jan-2021,EQ,"3,000.00","3,120.00","2,987.95","3,025.65","3,116.00","3,091.95","3,054.62","3,446.60","1,962.00","428,513","1,308,946,134.50","33,067"
04-Jan-2021,EQ,"3,015.95","3,033.70","2,970.40","2,998.05","3,024.35","3,025.65","3,010.37","3,446.60","1,962.00","342,044","1,029,677,745.95","28,780"
01-Jan-2021,EQ,"2,937.65","3,015.00","2,935.00","2,918.00","3,002.05","2,998.05","2,990.21","3,446.60","1,962.00","725,339","2,168,916,487.85","49,924"
31-Dec-2020,EQ,"2,908.00","2,928.85","2,899.10","2,908.70","2,923.00","2,918.00","2,910.80","3,446.60","1,962.00","211,560","615,808,602.75","30,586"
30-Dec-2020,EQ,"2,924.80","2,927.00","2,876.10","2,907.50","2,908.00","2,908.70","2,906.96","3,446.60","1,962.00","237,351","689,970,127.05","30,217"
29-Dec-2020,EQ,"2,914.80","2,923.40","2,876.50","2,894.80","2,914.00","2,907.50","2,899.26","3,446.60","1,962.00","228,878","663,576,493.50","19,519"
28-Dec-2020,EQ,"2,924.00","2,933.95","2,881.05","2,891.45","2,894.00","2,894.80","2,905.27","3,446.60","1,962.00","226,171","657,087,469.60","29,172"
24-Dec-2020,EQ,"2,970.00","2,990.00","2,880.00","2,938.95","2,900.00","2,891.45","2,918.50","3,446.60","1,962.00","397,620","1,160,451,989.90","38,097"
23-Dec-2020,EQ,"2,880.00","2,982.80","2,855.25","2,881.05","2,940.00","2,938.95","2,947.67","3,446.60","1,962.00","764,360","2,253,084,409.40","72,312"
22-Dec-2020,EQ,"2,786.00","2,905.95","2,678.00","2,785.35","2,888.10","2,881.05","2,789.37","3,446.60","1,962.00","613,023","1,709,946,813.20","58,070"
21-Dec-2020,EQ,"2,861.90","2,950.00","2,700.00","2,862.00","2,780.00","2,785.35","2,868.10","3,446.60","1,962.00","799,804","2,293,916,021.35","68,493"
18-Dec-2020,EQ,"2,879.00","2,899.00","2,838.00","2,838.25","2,865.00","2,862.00","2,862.52","3,446.60","1,962.00","440,111","1,259,826,756.10","30,470"
17-Dec-2020,EQ,"2,862.00","2,862.70","2,822.05","2,862.70","2,839.00","2,838.25","2,844.49","3,446.60","1,962.00","163,850","466,070,038.95","25,884"
16-Dec-2020,EQ,"2,822.95","2,875.75","2,805.00","2,790.80","2,856.00","2,862.70","2,854.47","3,446.60","1,962.00","508,637","1,451,888,182.10","52,479"
15-Dec-2020,EQ,"2,839.00","2,839.00","2,780.00","2,841.80","2,792.00","2,790.80","2,802.89","3,446.60","1,962.00","243,069","681,296,020.10","32,259"
14-Dec-2020,EQ,"2,849.00","2,852.00","2,804.15","2,838.60","2,840.35","2,841.80","2,828.53","3,446.60","1,962.00","204,663","578,895,663.55","24,683"
11-Dec-2020,EQ,"2,839.15","2,888.00","2,780.00","2,839.15","2,841.00","2,838.60","2,845.86","3,446.60","1,962.00","370,666","1,054,864,007.80","39,520"
10-Dec-2020,EQ,"2,813.00","2,848.00","2,756.00","2,811.95","2,839.90","2,839.15","2,813.77","3,446.60","1,962.00","426,532","1,200,163,554.65","44,329"
09-Dec-2020,EQ,"2,829.40","2,863.45","2,776.00","2,829.40","2,812.95","2,811.95","2,815.02","3,446.60","1,962.00","495,141","1,393,832,726.15","51,789"
08-Dec-2020,EQ,"2,735.00","2,845.00","2,730.00","2,711.00","2,816.60","2,829.40","2,804.49","3,446.60","1,962.00","1,336,834","3,749,136,849.70","93,577"
07-Dec-2020,EQ,"2,611.70","2,722.30","2,600.00","2,591.15","2,722.10","2,711.00","2,678.43","3,446.60","1,962.00","770,510","2,063,757,216.35","61,745"
04-Dec-2020,EQ,"2,575.85","2,611.30","2,555.05","2,565.90","2,592.00","2,591.15","2,588.81","3,549.00","1,962.00","353,177","914,308,959.10","38,353"
03-Dec-2020,EQ,"2,559.95","2,578.00","2,544.05","2,555.05","2,567.00","2,565.90","2,565.02","3,549.00","1,962.00","247,420","634,637,305.20","24,955"
02-Dec-2020,EQ,"2,515.00","2,589.00","2,511.55","2,511.45","2,553.00","2,555.05","2,556.28","3,549.00","1,962.00","514,686","1,315,684,056.85","62,164"
01-Dec-2020,EQ,"2,549.00","2,549.35","2,500.00","2,538.80","2,508.00","2,511.45","2,513.62","3,549.00","1,962.00","373,724","939,399,070.70","43,382"
27-Nov-2020,EQ,"2,558.00","2,577.10","2,500.00","2,548.70","2,526.00","2,538.80","2,543.29","3,695.00","1,962.00","569,891","1,449,399,032.50","41,976"
26-Nov-2020,EQ,"2,530.00","2,554.90","2,505.95","2,513.40","2,546.00","2,548.70","2,538.96","3,695.00","1,962.00","379,914","964,587,218.25","37,382"
25-Nov-2020,EQ,"2,480.00","2,568.45","2,480.00","2,472.25","2,515.00","2,513.40","2,523.88","3,695.00","1,962.00","1,163,071","2,935,449,090.35","85,121"
24-Nov-2020,EQ,"2,451.00","2,483.00","2,430.00","2,427.85","2,469.00","2,472.25","2,455.92","3,695.00","1,962.00","256,302","629,456,926.70","27,485"
23-Nov-2020,EQ,"2,439.00","2,476.00","2,415.00","2,409.65","2,429.25","2,427.85","2,446.82","3,695.00","1,962.00","288,384","705,622,726.70","30,294"
20-Nov-2020,EQ,"2,434.60","2,440.00","2,400.05","2,424.75","2,408.00","2,409.65","2,415.25","3,844.00","1,962.00","151,132","365,021,296.30","16,695"
19-Nov-2020,EQ,"2,459.00","2,464.35","2,410.00","2,469.20","2,419.95","2,424.75","2,444.94","3,844.00","1,962.00","212,741","520,139,275.95","20,896"
18-Nov-2020,EQ,"2,500.00","2,500.00","2,461.00","2,504.90","2,465.00","2,469.20","2,473.01","3,844.00","1,962.00","247,769","612,735,675.85","26,042"
17-Nov-2020,EQ,"2,510.00","2,524.40","2,480.00","2,451.65","2,497.00","2,504.90","2,504.22","3,844.00","1,962.00","557,710","1,396,627,375.75","46,290"
14-Nov-2020,EQ,"2,437.00","2,459.90","2,418.00","2,404.15","2,451.00","2,451.65","2,445.05","3,844.00","1,962.00","84,655","206,985,654.50","10,551"
13-Nov-2020,EQ,"2,415.00","2,435.00","2,400.05","2,435.85","2,403.10","2,404.15","2,412.57","3,844.00","1,962.00","152,414","367,709,453.00","14,566"
12-Nov-2020,EQ,"2,443.75","2,463.00","2,415.30","2,443.75","2,428.00","2,435.85","2,435.12","3,844.00","1,962.00","207,058","504,211,012.35","16,889"
11-Nov-2020,EQ,"2,450.05","2,496.75","2,411.50","2,447.75","2,430.00","2,443.75","2,446.63","3,844.00","1,962.00","305,706","747,949,985.25","29,848"
10-Nov-2020,EQ,"2,525.00","2,525.00","2,407.05","2,508.70","2,442.30","2,447.75","2,453.13","3,844.00","1,962.00","438,580","1,075,894,720.70","40,565"
09-Nov-2020,EQ,"2,400.00","2,518.00","2,398.00","2,377.25","2,505.00","2,508.70","2,480.62","3,844.00","1,962.00","1,003,974","2,490,475,720.20","71,212"
06-Nov-2020,EQ,"2,323.00","2,385.00","2,313.05","2,312.40","2,371.00","2,377.25","2,352.84","3,844.00","1,962.00","293,470","690,487,065.30","23,610"
05-Nov-2020,EQ,"2,279.00","2,319.75","2,264.35","2,264.30","2,310.00","2,312.40","2,291.07","3,844.00","1,962.00","167,818","384,482,729.00","23,342"
04-Nov-2020,EQ,"2,277.80","2,280.00","2,236.60","2,256.50","2,255.95","2,264.30","2,259.10","3,844.00","1,962.00","137,102","309,726,551.05","14,113"
03-Nov-2020,EQ,"2,251.95","2,270.00","2,246.00","2,251.50","2,255.05","2,256.50","2,257.95","3,844.00","1,962.00","111,718","252,254,014.55","14,950"
02-Nov-2020,EQ,"2,254.00","2,268.00","2,225.90","2,250.20","2,251.95","2,251.50","2,249.65","3,844.00","1,962.00","150,056","337,573,996.00","18,366"
30-Oct-2020,EQ,"2,262.35","2,272.40","2,245.00","2,262.35","2,251.00","2,250.20","2,253.59","3,844.00","1,962.00","176,325","397,364,118.25","25,021"
29-Oct-2020,EQ,"2,260.00","2,275.85","2,237.05","2,282.25","2,262.50","2,262.35","2,255.61","3,844.00","1,962.00","303,743","685,126,475.10","22,608"
28-Oct-2020,EQ,"2,301.00","2,304.95","2,270.00","2,295.40","2,290.00","2,282.25","2,280.13","3,844.00","1,962.00","141,127","321,787,971.50","13,570"
27-Oct-2020,EQ,"2,290.00","2,330.00","2,266.00","2,305.15","2,300.00","2,295.40","2,295.38","3,844.00","1,962.00","321,144","737,147,438.75","21,198"
26-Oct-2020,EQ,"2,308.00","2,310.00","2,275.10","2,308.90","2,308.35","2,305.15","2,292.23","3,844.00","1,962.00","149,562","342,829,776.80","13,189"
23-Oct-2020,EQ,"2,325.00","2,356.50","2,296.05","2,357.10","2,312.00","2,308.90","2,313.09","3,844.00","1,962.00","331,594","767,006,644.10","25,690"
22-Oct-2020,EQ,"2,342.00","2,362.70","2,312.45","2,336.80","2,361.00","2,357.10","2,344.73","3,844.00","1,962.00","121,881","285,778,258.30","10,945"
21-Oct-2020,EQ,"2,352.80","2,355.00","2,319.20","2,347.55","2,340.25","2,336.80","2,333.40","3,844.00","1,962.00","161,626","377,137,311.70","12,422"
20-Oct-2020,EQ,"2,329.90","2,354.00","2,309.00","2,328.95","2,349.00","2,347.55","2,337.80","3,844.00","1,962.00","152,743","357,082,454.45","13,246"
19-Oct-2020,EQ,"2,291.00","2,335.00","2,285.10","2,284.40","2,330.00","2,328.95","2,320.49","3,844.00","1,962.00","285,033","661,415,849.95","16,433"
16-Oct-2020,EQ,"2,285.00","2,299.90","2,260.65","2,275.65","2,289.00","2,284.40","2,279.63","3,844.00","1,962.00","116,422","265,399,263.90","11,400"
15-Oct-2020,EQ,"2,324.00","2,325.50","2,270.10","2,324.10","2,282.00","2,275.65","2,298.10","3,844.00","1,962.00","233,114","535,719,807.75","18,095"
14-Oct-2020,EQ,"2,292.00","2,333.00","2,266.05","2,284.90","2,326.00","2,324.10","2,313.55","3,844.00","1,962.00","327,420","757,502,004.25","20,647"
13-Oct-2020,EQ,"2,285.00","2,293.70","2,258.00","2,303.20","2,286.00","2,284.90","2,276.59","3,844.00","1,962.00","166,529","379,118,100.70","16,807"
12-Oct-2020,EQ,"2,374.70","2,374.70","2,282.15","2,367.80","2,302.00","2,303.20","2,317.75","3,844.00","1,962.00","235,166","545,057,141.60","22,733"
09-Oct-2020,EQ,"2,346.70","2,374.20","2,330.20","2,347.50","2,370.00","2,367.80","2,358.39","3,844.00","1,962.00","204,651","482,647,586.45","25,837"
08-Oct-2020,EQ,"2,339.55","2,356.00","2,321.00","2,327.80","2,351.80","2,347.50","2,337.57","3,844.00","1,962.00","181,095","423,322,965.90","17,005"
07-Oct-2020,EQ,"2,319.00","2,344.50","2,291.40","2,318.55","2,331.00","2,327.80","2,323.25","3,844.00","1,962.00","230,592","535,723,579.25","18,816"
06-Oct-2020,EQ,"2,308.95","2,325.90","2,289.00","2,300.55","2,318.00","2,318.55","2,314.74","3,844.00","1,962.00","163,856","379,283,802.95","13,096"
05-Oct-2020,EQ,"2,300.00","2,323.00","2,270.00","2,275.10","2,306.00","2,300.55","2,297.27","3,844.00","1,962.00","232,172","533,362,188.65","20,099"
01-Oct-2020,EQ,"2,284.00","2,284.00","2,248.00","2,269.85","2,280.00","2,275.10","2,267.94","3,844.00","1,962.00","191,136","433,485,029.20","17,540"
30-Sep-2020,EQ,"2,274.00","2,292.20","2,221.00","2,254.85","2,268.00","2,269.85","2,267.13","3,844.00","1,962.00","291,280","660,368,310.05","25,457"
29-Sep-2020,EQ,"2,299.00","2,320.00","2,210.00","2,251.55","2,251.05","2,254.85","2,261.73","3,844.00","1,962.00","449,989","1,017,752,863.95","39,991"
28-Sep-2020,EQ,"2,127.75","2,280.00","2,127.75","2,110.75","2,273.00","2,251.55","2,206.62","3,844.00","1,962.00","453,254","1,000,160,553.10","43,205"
25-Sep-2020,EQ,"2,125.00","2,131.00","2,070.05","2,103.25","2,111.00","2,110.75","2,098.87","3,844.00","1,962.00","373,819","784,596,181.85","43,002"
24-Sep-2020,EQ,"2,138.00","2,138.45","2,100.10","2,143.10","2,104.00","2,103.25","2,112.69","3,844.00","1,962.00","490,621","1,036,530,003.15","46,873"
23-Sep-2020,EQ,"2,170.00","2,250.95","2,132.15","2,152.85","2,149.35","2,143.10","2,188.84","3,844.00","1,962.00","486,620","1,065,135,288.55","55,950"
22-Sep-2020,EQ,"2,160.00","2,163.00","2,122.00","2,164.55","2,160.00","2,152.85","2,143.40","3,844.00","1,962.00","513,395","1,100,409,375.00","47,550"
21-Sep-2020,EQ,"2,199.90","2,208.00","2,159.00","2,215.45","2,168.00","2,164.55","2,181.99","3,844.00","1,962.00","490,154","1,069,513,453.40","46,676"
18-Sep-2020,EQ,"2,274.00","2,274.95","2,181.00","2,259.65","2,185.00","2,215.45","2,242.01","3,844.00","1,962.00","891,189","1,998,051,907.40","61,196"
17-Sep-2020,EQ,"2,285.15","2,333.00","2,251.00","2,291.20","2,259.35","2,259.65","2,280.22","3,844.00","1,962.00","489,175","1,115,428,026.45","52,545"
16-Sep-2020,EQ,"2,324.00","2,324.00","2,288.00","2,307.30","2,289.40","2,291.20","2,298.64","3,844.00","1,962.00","554,647","1,274,933,113.05","39,254"
15-Sep-2020,EQ,"2,350.00","2,364.00","2,303.05","2,350.00","2,314.10","2,307.30","2,321.56","3,844.00","1,962.00","431,042","1,000,691,130.50","51,693"
14-Sep-2020,EQ,"2,372.00","2,390.00","2,335.00","2,368.25","2,341.50","2,350.00","2,361.11","3,844.00","1,962.00","332,717","785,582,309.00","28,652"
11-Sep-2020,EQ,"2,389.00","2,407.95","2,363.00","2,399.35","2,369.50","2,368.25","2,374.11","3,844.00","1,962.00","281,488","668,283,003.80","29,384"
10-Sep-2020,EQ,"2,394.90","2,414.80","2,380.00","2,370.75","2,405.00","2,399.35","2,397.19","3,844.00","1,962.00","252,305","604,822,918.10","14,865"
09-Sep-2020,EQ,"2,392.00","2,400.00","2,357.00","2,425.20","2,372.40","2,370.75","2,369.91","3,844.00","1,962.00","358,554","849,742,473.60","34,155"
08-Sep-2020,EQ,"2,429.95","2,429.95","2,403.80","2,422.30","2,425.50","2,425.20","2,420.45","3,844.00","1,962.00","132,774","321,372,686.10","12,488"
07-Sep-2020,EQ,"2,414.00","2,434.65","2,400.50","2,416.80","2,428.05","2,422.30","2,416.74","3,844.00","1,962.00","101,851","246,146,960.85","11,953"
04-Sep-2020,EQ,"2,407.70","2,440.00","2,390.00","2,472.40","2,425.00","2,416.80","2,422.15","3,844.00","1,962.00","242,046","586,271,938.90","23,076"
03-Sep-2020,EQ,"2,439.90","2,488.10","2,430.50","2,428.45","2,470.20","2,472.40","2,467.32","3,844.00","1,962.00","170,897","421,657,380.10","17,173"
02-Sep-2020,EQ,"2,421.00","2,440.00","2,401.00","2,417.55","2,425.15","2,428.45","2,419.03","3,844.00","1,962.00","170,153","411,605,473.50","20,557"
01-Sep-2020,EQ,"2,415.00","2,435.00","2,381.95","2,410.90","2,421.50","2,417.55","2,411.73","3,844.00","1,962.00","201,367","485,643,194.75","19,770"
31-Aug-2020,EQ,"2,525.00","2,529.00","2,390.40","2,501.25","2,410.00","2,410.90","2,444.55","3,844.00","1,962.00","532,346","1,301,345,441.20","45,357"
28-Aug-2020,EQ,"2,515.00","2,522.10","2,475.00","2,499.45","2,504.00","2,501.25","2,498.19","3,844.00","1,962.00","323,851","809,039,824.60","21,531"
27-Aug-2020,EQ,"2,484.00","2,509.00","2,460.15","2,471.00","2,501.00","2,499.45","2,493.13","3,844.00","1,962.00","335,029","835,271,941.10","24,256"
26-Aug-2020,EQ,"2,492.00","2,498.00","2,436.00","2,490.95","2,469.95","2,471.00","2,459.47","3,844.00","1,962.00","339,043","833,865,486.95","24,522"
25-Aug-2020,EQ,"2,500.00","2,515.00","2,461.00","2,475.55","2,490.00","2,490.95","2,489.88","3,844.00","1,962.00","423,777","1,055,153,256.60","30,152"
24-Aug-2020,EQ,"2,400.00","2,498.90","2,400.00","2,399.60","2,475.00","2,475.55","2,466.97","3,844.00","1,962.00","811,885","2,002,893,397.70","52,707"
21-Aug-2020,EQ,"2,410.00","2,415.00","2,389.00","2,400.00","2,396.60","2,399.60","2,398.44","3,844.00","1,962.00","269,235","645,744,472.95","16,562"
20-Aug-2020,EQ,"2,410.05","2,419.00","2,385.00","2,430.80","2,399.50","2,400.00","2,396.15","3,844.00","1,962.00","258,407","619,182,666.25","17,551"
19-Aug-2020,EQ,"2,424.95","2,442.00","2,396.00","2,414.25","2,437.00","2,430.80","2,424.67","3,844.00","1,962.00","356,096","863,415,927.05","28,018"
18-Aug-2020,EQ,"2,385.00","2,420.40","2,376.05","2,374.25","2,413.00","2,414.25","2,405.14","3,844.00","1,962.00","334,272","803,969,871.65","26,022"
17-Aug-2020,EQ,"2,365.00","2,382.95","2,332.30","2,345.60","2,377.00","2,374.25","2,360.89","3,844.00","1,962.00","250,376","591,110,258.40","16,985"
14-Aug-2020,EQ,"2,341.00","2,374.60","2,324.80","2,327.45","2,346.00","2,345.60","2,351.99","3,844.00","1,962.00","440,895","1,036,978,861.25","29,418"
13-Aug-2020,EQ,"2,340.00","2,353.95","2,318.05","2,330.00","2,326.50","2,327.45","2,329.64","3,844.00","1,962.00","338,176","787,829,751.60","25,529"
12-Aug-2020,EQ,"2,342.95","2,346.95","2,325.55","2,342.20","2,329.00","2,330.00","2,336.58","3,844.00","1,962.00","372,487","870,345,610.70","22,907"
11-Aug-2020,EQ,"2,361.30","2,378.00","2,337.00","2,363.90","2,344.05","2,342.20","2,358.92","3,844.00","1,962.00","423,447","998,878,964.00","30,021"
10-Aug-2020,EQ,"2,384.00","2,395.00","2,361.00","2,369.00","2,365.00","2,363.90","2,373.97","3,844.00","1,962.00","478,138","1,135,083,071.25","36,239"
07-Aug-2020,EQ,"2,380.90","2,384.00","2,352.25","2,379.60","2,369.00","2,369.00","2,370.34","3,844.00","1,962.00","364,760","864,603,569.15","28,207"
06-Aug-2020,EQ,"2,400.00","2,403.80","2,368.05","2,386.95","2,378.70","2,379.60","2,387.35","3,844.00","1,962.00","328,049","783,168,053.90","23,380"
05-Aug-2020,EQ,"2,435.00","2,440.10","2,385.00","2,430.10","2,390.00","2,386.95","2,398.89","3,844.00","1,962.00","540,055","1,295,530,484.35","43,249"
04-Aug-2020,EQ,"2,436.00","2,439.00","2,406.00","2,426.10","2,431.10","2,430.10","2,426.94","3,844.00","1,962.00","231,608","562,099,439.45","14,755"
03-Aug-2020,EQ,"2,420.00","2,437.00","2,395.10","2,419.65","2,427.00","2,426.10","2,420.42","3,844.00","1,962.00","283,538","686,281,106.65","25,727"
31-Jul-2020,EQ,"2,411.75","2,428.00","2,387.70","2,411.75","2,420.00","2,419.65","2,405.92","3,844.00","1,962.00","217,996","524,480,745.00","23,706"
30-Jul-2020,EQ,"2,405.00","2,420.00","2,385.05","2,385.75","2,414.00","2,411.75","2,406.20","3,844.00","1,962.00","309,372","744,410,360.85","22,496"
29-Jul-2020,EQ,"2,387.20","2,424.00","2,380.00","2,406.35","2,384.00","2,385.75","2,398.76","3,844.00","1,962.00","683,413","1,639,342,664.25","35,570"
28-Jul-2020,EQ,"2,421.00","2,440.00","2,391.00","2,417.50","2,405.50","2,406.35","2,409.25","3,844.00","1,962.00","374,820","903,036,735.60","37,713"
27-Jul-2020,EQ,"2,459.90","2,462.45","2,411.00","2,465.25","2,412.00","2,417.50","2,422.59","3,844.00","1,962.00","339,542","822,572,119.30","24,367"
24-Jul-2020,EQ,"2,480.00","2,489.50","2,451.00","2,494.65","2,465.00","2,465.25","2,463.92","3,844.00","1,962.00","299,311","737,478,814.30","19,515"
23-Jul-2020,EQ,"2,510.00","2,527.00","2,475.30","2,505.20","2,495.00","2,494.65","2,506.67","3,844.00","1,962.00","502,866","1,260,519,024.40","34,211"
22-Jul-2020,EQ,"2,525.00","2,529.00","2,483.15","2,512.50","2,501.00","2,505.20","2,507.41","3,844.00","1,962.00","308,623","773,843,027.70","22,698"
21-Jul-2020,EQ,"2,470.80","2,522.00","2,468.10","2,462.75","2,516.00","2,512.50","2,497.70","3,844.00","1,962.00","496,526","1,240,175,024.65","44,239"
20-Jul-2020,EQ,"2,484.40","2,485.75","2,442.00","2,473.10","2,459.80","2,462.75","2,458.83","3,844.00","1,962.00","361,379","888,569,503.30","32,758"
17-Jul-2020,EQ,"2,457.00","2,485.00","2,426.20","2,449.35","2,479.00","2,473.10","2,458.71","3,844.00","1,915.00","372,021","914,693,552.60","40,185"
16-Jul-2020,EQ,"2,413.85","2,455.00","2,390.55","2,427.55","2,449.10","2,449.35","2,435.43","3,844.00","1,915.00","382,092","930,559,398.25","36,128"
15-Jul-2020,EQ,"2,494.00","2,500.55","2,385.25","2,441.30","2,409.80","2,427.55","2,444.24","3,844.00","1,915.00","1,361,718","3,328,361,503.85","95,112"
14-Jul-2020,EQ,"2,454.80","2,462.00","2,420.50","2,445.70","2,433.85","2,441.30","2,442.59","3,844.00","1,915.00","380,237","928,764,906.40","27,914"
13-Jul-2020,EQ,"2,472.00","2,478.75","2,418.30","2,458.65","2,449.00","2,445.70","2,442.74","3,844.00","1,915.00","299,121","730,673,649.05","26,818"
10-Jul-2020,EQ,"2,488.00","2,498.00","2,447.00","2,488.75","2,461.95","2,458.65","2,467.94","3,844.00","1,886.00","300,998","742,844,399.55","30,510"
09-Jul-2020,EQ,"2,545.00","2,551.75","2,477.10","2,557.00","2,490.00","2,488.75","2,502.96","3,844.00","1,886.00","443,270","1,109,488,162.75","39,503"
08-Jul-2020,EQ,"2,626.00","2,632.00","2,550.00","2,619.20","2,558.00","2,557.00","2,588.21","3,844.00","1,886.00","353,696","915,440,244.00","34,439"
07-Jul-2020,EQ,"2,600.00","2,626.55","2,600.00","2,590.30","2,620.00","2,619.20","2,613.61","3,844.00","1,886.00","421,827","1,102,492,285.15","62,325"
06-Jul-2020,EQ,"2,568.00","2,618.80","2,553.80","2,543.95","2,586.00","2,590.30","2,583.72","3,844.00","1,886.00","503,483","1,300,859,371.85","29,701"
03-Jul-2020,EQ,"2,528.00","2,561.00","2,500.00","2,516.45","2,542.55","2,543.95","2,539.36","3,844.00","1,886.00","428,028","1,086,917,008.75","29,540"
02-Jul-2020,EQ,"2,499.00","2,529.00","2,485.00","2,476.15","2,519.90","2,516.45","2,515.55","3,844.00","1,886.00","428,940","1,079,019,213.95","29,524"
01-Jul-2020,EQ,"2,484.90","2,496.00","2,465.00","2,483.35","2,475.00","2,476.15","2,477.27","3,844.00","1,886.00","245,358","607,817,515.05","20,226"
30-Jun-2020,EQ,"2,488.00","2,496.50","2,467.05","2,482.80","2,483.00","2,483.35","2,483.23","3,844.00","1,886.00","388,269","964,162,083.75","33,101"
29-Jun-2020,EQ,"2,474.00","2,499.00","2,450.00","2,488.10","2,482.00","2,482.80","2,474.02","3,844.00","1,886.00","349,501","864,671,808.35","28,727"
26-Jun-2020,EQ,"2,470.00","2,503.30","2,450.00","2,448.40","2,482.15","2,488.10","2,483.41","3,844.00","1,870.00","461,927","1,147,153,984.05","27,039"
